50 200
9 28 52
30 42 71
11 26 57
3 46 24
40 32 16
31 39 78
27 46 81
5 0 86
6 1 79
24 18 51
21 31 72
47 22 1
28 5 50
49 35 72
46 20 9
26 0 98
45 19 47
39 15 18
14 41 76
2 16 57
7 0 43
17 23 17
4 28 75
45 22 77
47 9 69
25 24 99
13 40 86
42 43 53
3 9 68
13 46 62
6 45 18
6 0 60
17 19 66
39 8 28
17 0 52
29 43 65
3 31 50
43 4 30
18 11 86
31 13 23
12 1 60
4 48 99
37 49 27
19 25 99
40 10 3
34 17 38
45 2 84
0 3 33
0 29 9
23 36 90
15 4 92
26 43 57
0 34 53
3 13 26
27 47 89
0 11 58
6 19 84
3 41 59
39 26 54
3 47 7
11 4 0
47 2 92
25 9 59
18 39 0
3 6 18
38 20 80
48 10 98
16 28 12
13 21 40
40 16 63
16 21 36
0 40 18
19 49 87
29 35 26
31 12 64
2 25 30
46 14 19
29 32 58
39 23 8
34 39 67
37 1 73
35 33 61
11 45 77
33 6 4
10 14 87
5 41 78
25 45 54
14 20 84
40 7 57
44 4 43
40 30 27
32 30 44
21 28 0
44 24 61
24 27 18
30 37 57
23 22 31
2 37 18
39 10 55
35 15 12
24 16 81
20 35 14
49 36 95
41 42 72
16 15 70
44 46 39
23 6 17
12 16 6
21 20 85
15 44 3
1 29 6
23 9 25
47 38 73
6 46 11
27 48 53
45 47 73
30 15 28
21 7 7
31 49 49
28 32 48
28 43 59
24 36 67
14 6 35
26 18 98
14 34 76
46 43 84
7 44 30
8 40 0
36 30 10
25 1 55
28 36 32
16 36 53
25 16 66
13 33 83
35 31 31
37 11 1
23 4 85
6 5 22
21 17 20
46 26 74
1 4 75
37 39 8
27 16 91
39 33 62
1 46 28
46 41 42
22 31 82
4 3 69
14 24 74
19 14 81
22 38 99
24 32 96
25 21 92
19 36 8
9 35 95
47 18 1
2 24 18
14 12 42
0 25 51
16 1 27
41 31 6
30 13 68
44 36 36
42 20 14
9 41 89
25 7 70
7 18 97
12 45 60
38 25 40
8 23 53
0 24 82
30 28 46
2 18 32
36 12 4
45 33 1
44 29 95
16 29 18
36 1 18
13 42 57
49 47 43
47 30 12
48 0 43
30 39 84
11 12 42
10 4 41
3 49 13
0 37 67
14 35 99
35 45 74
16 39 9
19 18 34
21 11 42
40 48 20
10 0 31
5 19 15
42 27 28
37 3 50
13 24 87
28 47 23
16 32 73
