100 500
84 22 42
12 43 85
34 20 80
34 36 83
15 21 99
17 77 56
86 23 58
40 25 63
60 48 68
51 93 78
69 54 67
93 50 78
46 51 85
92 72 0
5 30 42
27 95 3
39 94 85
41 54 21
40 17 96
72 6 73
50 89 53
83 44 93
88 0 95
7 61 80
70 22 96
4 47 12
48 28 34
44 48 51
73 97 83
70 84 4
83 39 49
92 78 7
90 0 55
0 56 79
28 34 29
1 43 58
40 35 63
30 89 85
4 10 40
10 30 38
85 27 59
88 13 17
64 12 35
97 56 78
30 34 35
63 94 41
54 46 42
83 36 71
69 34 30
31 69 28
96 17 7
92 39 38
1 42 93
17 11 4
74 67 42
43 16 72
74 59 87
33 72 8
68 49 25
51 55 87
0 91 32
80 28 36
34 45 85
7 17 35
87 69 92
50 78 82
38 42 45
65 42 74
10 21 53
88 85 41
54 83 37
26 42 82
96 4 65
26 62 65
22 75 51
31 92 58
23 33 85
9 80 85
20 66 50
97 78 78
85 8 6
24 66 52
34 53 31
63 78 75
62 54 20
20 46 8
93 31 70
25 88 97
40 59 53
91 94 46
91 31 54
61 96 21
54 56 49
6 99 95
2 81 75
91 48 46
51 79 2
61 22 75
55 59 16
7 42 75
9 50 11
40 48 16
83 26 14
24 69 59
76 93 18
26 9 55
19 21 85
64 89 74
56 30 82
5 90 98
80 96 90
17 29 65
37 49 11
74 78 5
26 48 89
57 45 63
92 71 41
4 36 52
49 25 7
55 77 89
17 44 47
49 76 49
8 26 33
96 69 93
59 73 33
27 4 27
91 6 95
83 1 15
87 53 88
59 22 86
44 76 54
1 50 9
13 79 59
74 63 59
94 89 67
50 17 50
29 92 89
41 95 33
76 86 35
97 25 0
42 94 55
77 5 8
2 8 80
54 0 36
98 29 48
21 83 96
75 59 77
88 79 79
68 2 23
61 94 78
38 89 99
5 8 73
11 83 35
26 36 99
17 36 49
70 45 38
12 57 38
43 40 39
87 55 89
85 6 76
29 32 70
64 87 54
97 86 30
6 18 85
83 42 89
68 15 70
61 53 11
29 21 99
79 55 98
32 46 15
86 51 9
87 10 31
35 19 88
3 76 80
50 74 43
66 40 89
69 41 49
94 16 43
3 5 56
87 74 20
41 86 63
32 78 73
36 19 50
90 92 0
46 5 56
81 41 89
65 5 63
20 61 53
95 73 28
80 15 15
72 11 24
99 11 41
83 90 4
71 70 47
29 78 27
81 1 53
14 47 68
41 80 29
93 23 42
14 22 36
65 14 41
59 3 3
60 98 14
87 19 81
61 29 0
93 95 28
15 20 51
29 77 16
19 31 92
45 94 55
6 36 92
27 28 55
52 83 0
47 65 40
50 94 83
64 28 97
43 51 41
99 50 64
65 21 11
93 75 92
5 97 71
70 20 80
0 39 66
43 54 51
8 19 70
37 60 28
98 69 84
62 46 57
27 32 73
31 30 44
21 40 81
32 6 72
57 85 57
9 13 7
47 3 24
82 70 48
97 85 15
77 47 92
52 48 1
51 8 32
13 76 35
20 19 11
54 52 28
57 90 59
2 60 68
84 65 0
81 37 15
24 14 6
26 95 22
25 74 70
78 49 21
53 7 26
51 76 94
35 17 47
33 48 23
51 0 89
82 34 23
33 37 68
90 8 38
94 70 55
74 80 58
94 35 85
75 76 73
71 88 91
53 55 1
74 11 36
52 84 21
97 55 27
45 20 62
84 28 48
7 47 36
21 45 21
14 35 33
74 81 72
78 47 40
17 32 56
57 55 2
4 94 33
51 11 27
63 49 49
53 29 67
92 41 19
69 12 71
13 74 13
94 2 56
39 72 67
66 27 20
64 3 9
99 48 80
47 74 29
6 56 66
4 13 59
1 95 38
81 32 20
81 91 17
61 38 68
80 10 25
67 97 73
69 83 56
2 50 4
63 89 93
75 38 56
23 87 20
47 82 84
68 62 45
93 41 75
55 85 96
14 10 65
28 79 54
71 83 38
77 57 65
16 24 11
14 34 89
46 90 37
54 67 9
28 73 52
18 63 67
74 57 11
44 8 98
15 79 39
13 34 68
94 31 71
0 78 45
37 16 0
45 28 66
1 70 90
9 51 6
2 26 32
88 43 48
95 33 26
18 0 17
6 89 90
0 77 58
21 33 96
91 64 10
53 98 18
58 93 42
67 83 7
51 59 60
25 31 59
39 42 25
5 2 48
33 66 42
46 6 99
33 28 48
95 43 69
46 99 77
22 92 27
97 95 84
83 91 0
7 4 70
39 58 18
0 21 45
47 55 82
31 67 22
41 16 70
89 56 43
50 60 48
27 42 59
67 98 46
65 95 54
77 44 53
79 29 42
22 94 29
89 9 39
2 37 99
38 55 29
99 21 72
28 58 60
93 78 82
27 76 44
57 4 88
95 56 57
37 92 67
68 0 59
26 93 77
72 15 0
38 65 45
61 18 0
26 75 98
97 36 37
77 48 72
3 53 17
47 66 95
83 22 73
26 59 26
90 41 6
62 21 50
74 0 61
91 17 12
42 29 33
35 91 24
20 43 51
57 60 28
55 29 44
72 94 57
48 2 77
42 22 56
44 1 76
43 5 99
71 2 58
5 32 2
75 4 23
12 17 50
93 83 53
92 17 31
39 69 77
37 45 45
80 37 9
32 34 74
36 31 65
24 71 19
24 20 4
82 45 78
62 94 95
99 40 65
96 9 5
87 30 78
54 53 87
27 14 88
60 47 35
29 86 35
98 40 91
60 31 24
45 48 57
23 65 91
60 94 84
59 31 8
72 48 38
4 92 64
61 82 38
69 33 74
70 64 69
52 44 35
1 13 27
6 24 63
43 47 97
71 36 15
56 17 20
71 65 7
62 75 81
95 79 7
97 12 14
66 83 71
72 43 55
39 48 48
14 95 16
86 40 60
88 38 29
86 4 43
52 69 93
71 51 52
88 44 43
87 45 23
3 66 81
11 81 35
7 92 14
20 47 32
71 19 99
56 47 53
34 57 34
58 83 30
24 70 68
41 88 35
80 16 99
80 99 69
73 57 88
25 47 38
49 6 92
2 70 56
57 83 24
2 29 5
57 62 76
64 88 95
16 14 8
6 41 74
36 57 83
52 85 59
56 57 44
61 78 64
53 40 1
58 16 36
69 21 54
3 11 0
42 72 8
64 5 93
16 32 17
67 16 93
3 0 87
87 84 10
42 50 10
98 49 11
73 68 71
90 94 30
26 6 57
43 14 2
34 94 32
79 93 65
9 53 78
59 30 62
