100 500
60 32
18 82
41 74
82 41
92 67
47 30
49 72
56 42
91 11
31 8
92 9
87 61
29 27
9 74
17 52
56 36
66 80
27 88
88 51
68 76
68 23
98 67
93 3
11 62
88 56
14 77
39 92
92 47
9 68
34 0
45 15
16 76
32 68
58 84
13 19
43 18
44 99
39 87
79 67
43 13
88 14
78 8
34 49
62 19
21 56
41 20
36 1
11 65
23 88
40 94
74 46
23 58
65 1
67 25
36 21
12 29
20 84
52 5
30 32
23 38
88 9
27 4
85 83
95 40
3 13
67 35
95 19
81 56
74 17
46 14
27 65
96 66
93 64
94 46
37 41
33 46
85 32
53 62
27 25
63 51
81 30
32 93
62 42
19 93
22 69
78 98
62 28
86 42
54 61
88 1
2 7
47 56
22 20
92 26
93 75
86 93
48 68
6 45
89 41
49 74
9 99
73 99
65 69
14 12
4 44
84 55
76 61
41 18
98 18
18 55
30 95
60 29
57 40
52 73
77 46
83 70
20 69
5 91
90 8
4 42
30 39
77 71
29 40
94 51
6 78
10 30
47 48
41 81
50 46
12 64
95 91
58 21
36 11
72 45
69 37
53 97
58 82
99 16
86 25
47 19
46 0
10 68
63 46
47 59
54 10
87 73
12 98
10 98
22 66
54 52
80 28
37 12
80 59
53 87
46 80
95 15
10 67
34 58
16 23
30 11
46 34
43 64
32 98
12 70
53 45
56 30
81 46
3 22
88 95
5 82
44 89
67 56
78 51
17 13
41 33
83 39
84 94
63 95
95 41
44 3
8 46
40 53
55 69
60 6
16 36
97 54
84 17
41 98
36 37
70 10
58 14
32 62
39 46
29 57
63 30
15 60
34 15
22 5
9 65
61 8
6 87
4 75
25 80
45 29
21 13
51 52
6 84
58 8
0 12
66 97
67 29
80 52
20 92
75 48
97 72
19 4
57 33
5 44
35 45
93 39
68 55
81 58
50 68
55 10
18 58
72 25
35 57
99 42
65 70
95 52
11 3
86 56
75 6
50 69
76 63
27 16
1 83
23 0
59 14
91 58
52 46
76 3
37 49
59 71
82 88
77 2
85 88
51 92
17 27
77 1
75 84
59 99
41 4
72 21
95 92
99 76
58 4
54 46
14 41
56 31
34 11
13 8
93 55
32 86
89 75
39 84
28 24
58 13
18 75
99 57
3 1
83 24
59 3
77 75
31 72
10 65
67 60
8 53
10 26
2 25
71 50
2 71
62 17
91 94
42 57
77 85
37 88
36 64
81 33
65 85
17 19
85 31
66 61
53 43
6 11
78 55
5 56
15 31
61 80
39 3
10 14
55 27
47 24
89 30
7 63
76 53
95 81
15 80
2 60
51 7
0 67
7 82
29 73
0 15
21 14
36 57
79 52
90 34
6 35
54 74
60 5
4 38
3 17
48 88
65 41
46 61
26 12
96 64
16 33
1 64
7 52
71 37
21 50
59 1
81 24
20 42
17 73
48 42
78 39
36 65
47 95
64 8
31 40
75 73
84 40
91 10
84 47
66 9
0 18
14 71
4 90
61 97
31 5
96 26
50 64
84 18
25 75
26 32
21 37
58 47
80 8
20 97
66 17
35 43
43 66
99 28
52 61
8 77
94 31
64 71
36 68
79 19
23 1
39 45
84 15
87 36
52 96
97 55
52 71
45 14
13 85
1 26
69 3
15 98
22 49
1 80
6 34
38 14
69 47
58 68
63 73
24 23
95 34
74 19
5 0
32 97
2 50
71 91
48 10
70 20
3 91
63 49
74 16
83 19
17 15
71 85
55 82
54 76
96 50
94 7
35 2
7 56
64 28
19 64
25 46
3 64
35 10
46 47
8 40
36 67
83 33
64 63
50 83
12 68
2 6
10 5
47 5
18 49
22 26
21 34
51 82
13 88
65 74
62 67
56 53
25 88
55 39
1 5
50 17
29 31
73 35
47 98
54 92
69 71
15 24
47 97
97 26
3 73
0 35
24 86
90 91
82 24
20 53
37 99
97 17
61 37
19 35
15 30
97 56
90 94
5 81
94 57
99 23
43 1
10 79
45 31
46 79
44 57
39 42
21 25
64 67
64 53
40 37
9 18
81 38
50 1
17 61
72 18
35 39
45 83
29 23
89 88
75 67
92 64
85 39
85 16
58 85
88 31
17 63
61 58
54 29
58 71
75 83
11 19
69 75
77 60
91 4
18 1
17 9
25 60
