1000 10000
526 556
301 393
675 8
388 786
424 356
837 150
823 800
885 437
504 850
424 993
780 165
441 340
826 648
291 98
144 750
16 912
705 807
186 464
245 207
944 5
236 238
657 277
555 842
155 129
275 721
764 812
673 41
729 315
796 355
628 728
104 951
190 697
768 975
237 79
376 803
730 493
859 57
905 735
33 319
499 4
221 164
949 617
209 523
144 190
532 646
318 434
599 985
492 254
760 813
142 204
313 310
145 100
681 973
801 799
124 587
509 302
358 84
634 652
902 200
191 668
57 823
602 679
554 1
389 787
387 248
944 30
486 183
672 629
998 50
848 485
962 286
899 843
993 53
478 27
941 643
757 579
61 285
346 656
997 397
375 509
332 440
639 826
109 957
196 428
865 539
201 411
899 320
554 968
913 183
784 361
523 715
929 61
606 705
512 440
612 589
165 331
113 247
368 867
842 329
196 495
455 412
472 259
643 903
492 19
671 804
28 898
695 314
570 352
76 631
389 528
676 114
299 353
240 242
822 617
337 901
273 994
225 162
884 383
977 333
256 829
28 776
349 814
164 903
929 539
490 734
745 342
439 496
642 502
871 779
314 50
415 179
864 862
568 430
266 704
749 806
502 453
199 191
678 65
908 521
800 449
421 428
462 8
367 830
945 170
160 217
254 921
792 245
37 470
392 90
978 528
107 757
957 508
555 226
221 326
943 973
479 216
798 275
675 968
885 824
894 937
30 773
907 834
884 259
898 767
896 663
771 780
73 610
922 536
539 782
342 736
607 991
481 595
835 725
993 109
969 657
358 650
52 602
723 809
79 567
545 138
760 195
681 682
664 765
793 216
771 416
747 543
936 711
815 271
280 154
375 647
412 830
253 562
286 815
522 708
812 11
166 633
767 172
557 109
81 187
988 967
702 279
27 82
439 604
662 702
599 483
292 969
772 372
496 879
420 459
428 35
897 360
211 113
868 698
538 273
795 148
698 412
687 188
215 440
880 84
303 782
871 858
806 475
129 774
960 387
540 254
246 938
290 300
898 314
98 247
732 921
64 546
120 267
561 55
956 220
226 177
724 16
320 222
336 172
258 816
179 967
323 73
385 618
355 185
128 187
349 610
174 352
896 774
396 261
518 715
66 934
318 575
82 807
183 72
692 74
974 720
373 189
166 671
574 621
775 296
414 358
628 133
216 395
981 844
310 314
498 439
452 654
406 156
634 910
804 575
610 177
393 229
545 400
548 149
835 986
372 202
466 382
645 101
705 944
548 824
104 159
846 910
21 486
347 89
561 271
950 51
99 88
411 15
246 72
451 724
603 60
309 395
714 488
646 595
995 133
677 402
900 463
174 863
885 511
150 841
22 542
146 644
561 664
472 287
454 653
115 359
488 639
239 413
764 7
151 606
684 101
331 529
592 140
757 129
628 901
724 397
921 757
396 979
681 293
533 164
565 250
103 970
150 135
342 959
749 967
311 879
213 292
783 547
741 394
118 368
919 723
299 935
622 207
45 156
121 500
627 702
517 55
127 731
638 82
59 531
593 652
742 284
554 531
673 708
983 280
644 938
138 663
835 444
210 607
123 971
994 528
212 275
918 825
972 693
291 511
754 956
425 297
643 629
208 2
19 515
568 685
373 703
882 953
497 145
311 75
201 285
685 85
558 136
571 583
529 808
762 776
851 22
69 611
615 765
773 798
738 559
446 669
982 183
655 795
30 820
304 59
761 120
53 666
586 13
541 323
889 294
925 345
535 585
596 488
270 919
680 795
355 921
843 939
24 523
944 152
53 110
149 103
486 450
264 753
687 956
706 927
535 946
650 599
199 626
181 729
536 920
677 492
121 310
900 909
422 587
947 333
54 226
345 361
59 830
979 798
451 177
107 205
136 242
277 714
53 732
81 738
569 846
599 41
622 742
557 62
831 606
405 370
398 529
183 824
811 857
28 545
809 938
998 303
851 87
833 766
766 848
541 482
796 996
20 818
204 828
38 586
213 577
214 977
387 829
770 513
394 83
889 681
944 215
865 982
912 877
154 342
990 892
855 698
862 1
390 476
967 276
340 274
62 556
547 83
357 685
511 965
194 447
870 163
524 222
350 273
630 834
989 36
273 197
960 286
25 493
703 671
829 832
278 331
645 450
676 530
515 228
343 622
411 464
759 296
399 975
657 832
405 974
709 245
846 305
974 450
336 862
666 44
859 415
628 759
561 960
750 646
751 17
23 914
468 728
806 64
80 236
441 551
997 287
947 452
456 756
832 9
103 222
272 807
977 215
462 859
385 516
376 490
402 874
266 762
267 580
596 512
85 506
769 865
408 524
908 820
90 100
289 356
69 133
863 317
968 933
235 761
968 962
624 787
31 495
611 312
847 215
58 705
154 315
336 851
288 529
69 456
621 349
837 108
295 713
793 189
634 721
653 134
447 981
851 371
773 495
965 588
905 720
218 591
783 450
946 630
41 350
957 749
473 986
145 822
942 258
284 446
169 747
387 162
889 739
789 572
557 12
878 197
581 311
923 472
423 132
232 994
494 287
644 731
324 960
893 906
874 684
755 970
634 748
681 509
954 280
88 430
622 30
966 644
464 970
570 615
638 787
486 50
977 331
821 80
122 145
645 658
308 969
126 66
437 542
614 730
915 298
494 464
813 775
398 207
792 294
340 919
974 399
866 594
975 921
658 793
911 57
813 140
165 520
159 677
499 233
944 297
401 325
901 860
70 570
94 740
821 626
627 74
476 194
845 836
739 666
312 782
366 478
483 128
650 196
386 237
516 316
286 281
479 532
921 135
49 807
465 844
629 276
481 762
292 912
236 290
105 747
878 711
326 233
263 747
663 849
503 768
502 897
99 847
710 164
101 982
266 771
361 493
335 759
201 964
109 490
322 101
735 334
322 778
997 898
169 26
23 123
119 102
158 979
695 432
710 202
623 510
5 116
105 563
281 263
908 461
647 891
462 307
366 664
266 483
80 647
191 268
839 357
782 945
104 634
300 604
641 350
493 587
742 288
362 176
445 327
856 184
605 891
39 461
307 721
47 757
426 271
732 500
65 532
934 636
336 872
482 546
90 217
778 8
797 861
55 437
769 482
740 203
226 697
679 506
533 242
235 643
512 635
274 311
165 769
425 769
715 162
813 262
335 555
530 876
262 440
705 833
216 840
895 414
497 14
917 805
259 515
679 480
245 722
611 887
639 89
41 940
302 113
139 290
646 252
492 244
417 958
165 262
596 306
280 721
493 133
646 899
501 212
689 793
298 506
136 477
842 203
919 817
662 474
452 44
628 590
927 631
864 165
160 730
50 645
925 591
874 78
238 169
551 302
240 90
879 85
171 772
239 379
740 839
66 410
377 792
76 471
190 981
637 585
704 95
202 775
687 213
158 595
58 513
138 137
658 605
258 897
929 382
866 416
462 473
843 662
938 188
657 489
772 535
346 196
417 32
260 817
605 828
966 674
263 398
466 392
599 531
827 832
749 999
991 836
318 406
201 760
266 424
434 529
984 477
616 620
178 690
205 696
22 408
417 823
43 859
589 226
481 433
936 315
213 640
785 996
41 579
744 750
616 524
251 37
271 849
265 601
440 903
277 718
710 57
230 834
484 156
953 729
143 568
436 311
212 258
59 814
992 36
425 321
416 878
115 757
755 6
733 537
541 308
510 842
272 592
634 9
185 135
241 618
617 318
382 789
384 688
419 412
987 471
665 302
216 52
256 490
828 534
172 442
999 621
758 814
226 236
991 219
323 848
612 38
987 573
104 505
604 647
921 15
558 458
106 871
53 368
223 52
781 298
635 174
49 129
843 126
670 908
127 987
612 750
312 89
148 67
186 384
847 866
44 234
953 234
599 291
515 639
940 104
136 896
682 221
726 408
345 67
109 157
893 514
157 676
153 290
592 625
744 343
299 697
611 542
850 500
222 435
28 111
189 709
382 996
42 184
576 605
377 585
54 812
380 270
893 192
96 697
138 917
752 706
383 960
965 175
194 828
882 466
988 308
314 211
259 371
624 292
45 164
186 982
176 728
416 911
225 969
971 467
999 236
412 988
616 490
277 51
886 443
728 510
94 390
415 155
700 363
120 374
804 329
750 749
36 207
72 66
936 431
641 265
764 327
900 924
651 608
588 375
145 165
112 269
189 180
578 883
422 450
955 105
536 175
979 911
64 92
295 121
283 120
430 392
904 165
322 933
933 108
134 211
620 857
507 80
3 407
501 938
346 58
123 276
197 90
540 13
751 889
697 802
806 975
567 888
129 862
62 593
51 593
38 172
679 620
101 16
133 572
114 841
862 385
962 277
149 872
427 950
966 923
235 914
768 887
730 813
461 300
767 99
978 423
568 608
263 760
762 662
750 172
850 297
902 495
950 14
823 710
510 571
483 396
374 574
681 303
666 871
168 282
702 811
745 104
383 963
117 561
324 409
947 672
20 748
95 215
526 577
872 503
720 933
708 633
37 54
645 749
525 690
245 994
533 224
763 469
908 138
965 774
634 890
147 862
258 287
913 465
502 738
518 551
686 852
781 912
351 393
605 365
708 555
989 354
142 226
243 794
473 76
104 870
49 235
471 246
418 988
176 511
59 184
45 984
152 833
839 744
429 397
835 812
701 397
278 818
577 149
359 861
483 496
796 687
171 864
240 340
310 186
498 892
596 452
743 322
278 509
685 255
796 372
615 932
678 599
664 69
521 981
727 703
562 735
173 616
85 235
228 374
580 730
46 316
296 813
66 694
448 762
422 945
583 322
835 692
396 211
897 785
75 57
771 116
602 53
973 867
667 961
7 114
894 269
83 873
838 925
444 521
397 396
94 722
8 28
941 672
327 261
212 861
646 354
52 115
424 617
562 878
525 708
290 155
986 403
431 203
604 866
568 840
887 773
244 372
419 175
645 378
298 883
700 194
477 658
511 114
953 54
20 140
244 435
533 39
302 627
810 317
827 776
448 437
496 655
929 717
647 576
208 878
319 187
260 892
833 71
189 492
161 926
87 677
835 426
172 896
120 327
623 315
879 775
405 899
740 885
910 980
780 489
342 392
391 199
238 912
631 938
309 722
439 802
25 119
392 910
936 444
749 353
746 22
557 543
952 770
462 605
714 942
411 550
193 213
604 599
90 479
461 351
174 553
433 154
222 46
422 500
515 295
733 509
287 969
483 43
870 378
219 962
562 715
914 63
696 774
391 808
109 194
557 48
523 485
48 899
320 452
137 260
582 354
508 265
610 381
419 122
851 935
54 632
88 533
6 7
15 202
278 613
809 179
745 77
619 437
622 681
204 29
358 270
478 175
330 942
864 462
231 599
484 206
248 471
512 648
399 945
66 722
448 961
970 107
437 650
854 181
623 828
934 742
94 932
185 819
895 343
314 915
227 57
915 681
185 176
65 666
353 755
765 550
935 814
775 951
370 583
13 98
995 492
303 539
499 918
274 919
153 783
813 455
888 170
235 612
672 971
349 900
292 668
661 874
176 215
225 977
583 879
918 545
702 31
602 236
774 559
543 235
790 943
260 284
399 266
773 456
258 402
845 742
940 624
996 131
272 513
923 464
925 665
945 284
415 200
800 902
162 277
993 489
822 2
373 537
292 772
508 900
389 821
763 234
488 304
67 847
846 72
117 276
217 71
789 176
29 464
887 468
734 960
782 693
602 882
708 763
467 837
234 933
239 657
346 209
11 881
675 82
822 608
254 989
439 804
614 559
889 702
161 861
385 451
385 313
777 451
17 787
704 216
982 912
989 540
422 679
778 160
404 515
626 684
757 591
394 0
262 198
899 696
751 564
958 81
843 687
149 837
766 176
523 264
669 291
565 666
53 669
646 463
992 887
159 95
282 332
512 725
945 973
419 515
321 225
401 71
522 380
501 967
362 271
508 477
403 385
464 768
818 452
927 930
488 296
923 956
811 843
374 434
780 544
956 290
344 539
705 373
895 668
771 112
485 753
643 373
586 851
375 449
280 27
109 756
257 41
369 206
315 440
436 908
117 874
567 176
232 29
312 550
41 783
162 689
461 436
271 744
262 642
227 178
537 143
415 579
405 13
729 125
198 283
684 680
327 518
766 495
79 183
901 640
391 436
478 976
857 366
519 436
281 50
787 215
679 1
997 833
622 738
822 891
331 36
183 328
928 821
17 627
810 991
917 184
704 835
602 306
477 465
266 232
38 93
764 537
152 620
848 995
970 801
150 614
828 133
819 332
939 40
49 167
45 998
932 576
657 615
902 14
502 76
403 296
886 550
470 709
291 197
863 757
612 954
238 621
309 927
704 67
45 453
378 253
832 917
548 273
354 924
549 450
944 852
712 679
802 943
572 791
436 816
820 540
257 901
743 609
654 261
559 760
191 330
798 772
864 744
651 611
690 102
569 118
245 199
932 81
150 625
806 216
991 132
61 885
581 638
982 457
715 913
511 212
747 666
253 381
251 641
907 386
906 714
242 444
532 745
435 726
979 108
44 763
359 259
433 776
377 337
603 790
309 198
328 567
205 559
2 759
199 406
713 175
894 342
221 430
368 417
426 999
7 254
952 221
459 958
163 212
302 56
624 67
238 998
228 558
99 846
951 629
17 460
845 614
519 254
684 510
154 667
803 961
945 158
309 887
227 828
513 946
111 600
354 695
254 149
671 727
705 346
926 830
0 21
384 100
506 797
215 261
267 384
623 946
956 912
576 392
94 22
176 182
805 867
71 135
970 288
5 425
338 739
25 812
904 122
146 478
292 212
390 120
23 262
407 858
312 59
804 542
532 803
254 976
11 457
606 278
164 763
801 694
68 352
814 152
328 976
30 962
616 904
972 183
212 198
366 927
153 930
532 624
330 885
81 55
256 147
516 721
123 382
927 257
315 792
78 375
825 205
375 736
708 877
690 93
260 396
143 130
803 305
809 20
183 922
43 569
260 857
378 674
317 112
816 506
608 506
366 694
980 759
538 549
662 910
582 983
856 772
489 280
223 712
276 333
549 30
11 550
530 561
668 82
192 439
896 606
752 961
709 262
172 824
965 897
207 889
457 965
93 23
335 49
870 617
379 789
563 192
321 261
547 207
475 383
24 508
635 273
481 310
375 151
25 632
407 983
893 449
135 429
982 366
852 819
840 499
347 658
447 149
841 440
688 947
194 408
135 336
703 233
899 140
407 88
637 45
869 337
336 190
800 114
618 292
298 978
204 14
592 761
532 436
492 347
415 837
268 254
177 934
251 597
626 435
765 592
231 675
818 130
305 530
719 755
468 112
258 736
438 320
612 656
419 395
850 925
879 150
434 174
155 270
986 5
545 73
77 548
65 864
813 294
43 233
175 450
302 437
548 423
424 341
517 151
401 622
560 874
170 233
885 526
244 333
959 486
158 373
21 941
326 956
808 222
67 944
985 467
867 982
147 273
374 67
429 509
30 300
0 235
6 421
142 262
177 977
288 656
232 7
403 734
593 900
571 151
833 887
110 263
591 907
356 825
55 285
967 659
758 675
826 512
860 586
759 224
223 733
569 324
993 163
148 68
557 218
60 581
424 583
723 232
294 683
257 836
607 447
950 760
624 943
806 805
238 738
792 644
804 839
613 773
994 746
106 875
75 725
679 354
283 84
562 731
150 170
758 659
171 734
474 5
500 706
114 725
566 445
552 990
684 465
571 402
744 860
823 238
830 97
926 946
202 278
659 428
503 355
237 277
109 819
259 382
968 88
207 667
452 807
647 616
64 995
215 1
276 213
96 699
69 897
788 601
13 76
354 167
203 3
976 102
860 749
864 453
624 534
568 367
226 880
675 373
593 640
653 645
166 11
968 823
800 79
747 512
917 173
541 737
204 523
929 610
699 256
168 106
729 148
704 28
31 919
136 297
292 528
987 818
961 198
504 195
397 638
778 832
732 346
111 282
685 471
931 574
699 261
279 515
733 186
479 202
159 582
911 269
552 597
787 659
632 647
315 132
995 347
700 24
734 501
997 391
11 926
215 28
51 2
893 477
253 119
945 884
285 666
702 820
805 236
508 415
78 209
898 697
394 728
41 70
975 838
258 691
899 873
190 764
676 44
980 658
758 657
246 715
961 671
530 568
617 842
185 43
840 509
98 594
876 84
588 389
905 960
784 145
106 685
210 563
49 313
745 448
233 854
770 182
563 483
926 989
937 597
889 928
600 608
755 521
631 34
735 304
767 838
474 671
432 733
947 428
271 278
163 1
206 713
293 918
280 97
844 800
937 451
170 406
623 778
858 521
487 989
23 922
56 969
902 278
91 593
24 796
793 507
149 552
858 621
624 492
817 197
560 698
64 760
554 730
929 34
476 282
950 943
82 305
969 165
46 364
864 315
566 922
448 316
688 113
875 438
443 850
764 276
810 606
967 620
101 398
172 694
474 690
663 618
889 9
675 930
647 976
353 196
255 85
767 542
461 685
372 570
325 135
853 486
293 300
573 981
533 134
449 237
657 426
94 167
424 664
324 503
892 470
3 34
436 341
206 139
448 994
912 286
177 799
596 651
21 455
106 837
506 765
523 415
161 380
35 647
846 21
967 964
211 733
522 288
656 117
808 314
524 459
923 988
437 983
263 14
659 257
123 604
311 269
913 422
274 431
350 402
123 110
828 262
99 963
850 978
861 266
606 16
414 692
179 802
629 616
502 531
356 552
865 542
403 576
818 270
673 312
936 672
977 422
507 7
167 31
901 895
568 273
399 544
326 743
555 635
946 819
187 235
138 57
275 525
405 225
312 194
590 336
213 168
329 921
356 954
721 841
70 814
828 802
647 266
281 196
707 818
43 778
273 258
449 603
396 564
461 976
647 391
213 159
703 843
328 443
995 525
532 426
64 937
866 896
113 103
833 863
348 598
116 370
152 576
165 315
341 816
390 718
72 829
212 906
250 104
448 823
568 657
868 204
567 323
329 322
116 58
650 490
622 626
487 74
2 869
536 884
783 493
473 683
702 965
771 425
929 869
800 757
691 15
964 867
146 152
535 994
932 226
153 31
642 973
675 88
699 413
720 642
173 272
491 904
591 969
581 469
677 507
463 129
98 458
389 403
11 103
464 531
975 16
875 8
986 670
591 875
870 222
489 748
1 854
396 163
277 994
603 157
973 926
96 6
631 100
531 244
280 999
241 565
533 421
911 646
44 898
196 383
572 692
849 716
427 287
203 251
59 734
893 292
726 253
71 391
674 770
873 74
753 494
898 807
193 487
827 993
313 656
569 663
321 663
543 800
669 937
135 575
367 379
392 903
16 334
86 970
339 191
330 574
300 736
518 29
657 146
347 741
415 491
876 899
894 251
939 200
240 533
442 491
549 299
594 316
877 378
783 560
108 298
121 794
66 51
496 30
459 198
512 194
277 121
937 825
320 686
820 288
330 752
616 712
273 599
706 71
485 538
32 605
154 723
156 707
765 583
591 823
787 243
915 282
17 218
950 689
759 511
491 539
172 691
898 754
322 186
502 810
833 900
907 873
213 830
666 177
559 535
464 95
49 466
341 143
977 952
72 805
558 531
853 239
436 104
155 761
85 242
484 970
874 6
824 916
552 861
670 583
847 17
306 363
900 314
538 999
940 37
49 808
741 476
975 4
559 261
828 302
389 168
983 463
904 21
91 616
360 364
788 312
437 567
780 375
587 822
789 544
425 564
664 566
390 358
530 577
573 314
147 602
662 470
750 471
812 226
167 942
421 675
648 17
76 904
317 67
953 594
350 113
740 223
289 563
748 923
766 937
627 784
804 905
289 383
590 817
549 979
13 862
679 414
574 238
894 254
185 42
247 421
290 365
360 133
501 282
375 245
698 161
55 388
221 107
80 466
711 302
830 89
975 647
152 687
74 191
186 670
355 640
565 251
485 440
627 564
928 164
88 949
609 138
802 48
893 703
453 998
178 610
170 742
607 125
929 894
88 376
270 146
923 404
666 651
360 302
109 497
379 38
227 148
524 97
363 483
927 323
705 475
53 387
784 572
815 34
306 456
678 67
838 280
943 843
882 822
709 804
780 503
120 454
110 644
79 585
755 27
409 310
137 529
468 3
45 313
676 682
827 67
708 697
459 327
5 157
683 756
101 983
177 599
547 754
632 260
79 970
13 272
642 333
389 284
943 830
629 480
790 126
725 358
684 735
941 344
551 469
834 912
959 334
217 613
112 277
654 873
327 785
777 326
71 766
608 975
981 733
50 938
819 452
703 819
683 771
594 263
367 941
573 716
614 97
665 133
459 23
447 463
592 787
312 482
820 647
327 981
352 749
40 420
763 438
874 957
785 37
804 411
302 636
897 850
669 811
187 2
109 84
523 218
901 920
446 499
662 389
541 113
152 176
435 798
356 810
187 954
614 627
982 343
795 248
741 686
254 449
369 87
889 502
781 850
143 791
140 831
695 465
285 963
677 474
440 859
8 426
531 556
655 528
237 240
149 117
324 29
666 216
62 529
546 956
699 970
52 755
566 914
993 960
981 538
467 240
555 131
236 86
357 595
965 763
70 510
521 332
595 768
119 431
730 808
939 19
944 57
645 840
15 310
691 870
74 881
551 816
193 675
937 385
82 92
573 363
311 291
826 802
41 238
309 466
159 22
788 659
143 615
767 819
601 463
992 258
536 168
4 871
416 240
755 552
293 530
904 453
60 727
895 373
747 475
923 561
237 211
255 645
318 205
337 656
361 518
952 565
974 60
815 511
824 32
529 605
144 445
0 797
536 917
863 16
400 27
670 942
159 685
943 806
849 949
449 268
579 893
819 326
814 633
344 630
211 520
297 720
828 456
770 977
989 684
987 598
815 613
974 70
836 800
918 170
317 683
540 717
858 529
132 454
140 235
524 414
992 180
89 999
737 306
433 712
986 731
767 236
917 388
26 627
101 42
509 274
125 443
968 746
516 65
470 877
900 158
97 649
137 174
666 672
482 122
208 33
545 233
3 635
925 349
552 89
326 572
528 173
603 986
829 166
690 103
363 318
369 946
389 507
155 730
739 346
747 801
657 527
343 470
221 566
290 672
932 161
926 550
821 231
670 625
411 598
394 987
72 630
805 311
265 749
828 861
514 169
721 826
560 346
612 667
697 307
477 442
373 939
563 739
816 948
132 820
495 588
824 354
561 584
4 764
674 82
303 289
654 359
687 265
398 976
921 882
507 936
354 558
260 596
70 372
625 648
738 965
556 536
848 289
527 779
594 461
706 746
97 754
750 786
670 510
781 234
715 726
948 650
895 553
130 54
277 929
110 921
653 198
118 78
592 300
994 296
107 442
35 974
14 89
332 817
767 580
73 872
255 122
384 867
416 656
566 824
482 295
320 705
420 320
334 531
944 555
490 843
52 814
944 310
934 676
9 548
657 185
311 734
204 699
233 931
885 20
960 708
356 264
158 407
441 620
440 599
782 134
339 236
712 368
714 1
840 405
173 818
221 572
89 951
849 51
351 23
686 469
517 558
270 295
34 997
614 156
640 489
250 155
486 768
57 719
972 149
209 890
404 181
59 795
153 755
40 954
341 231
862 445
688 378
523 341
189 706
331 749
128 396
249 237
629 946
376 709
413 3
459 951
609 711
388 997
414 733
407 195
576 509
695 65
460 724
379 103
332 173
672 618
978 20
637 500
713 169
409 918
500 314
786 354
753 447
221 52
473 702
464 986
60 155
10 945
857 344
474 392
84 434
654 481
301 625
818 806
644 688
894 573
1 237
685 7
197 642
22 185
489 278
884 134
219 943
872 421
659 966
790 271
340 978
203 482
53 707
820 356
447 644
250 716
798 842
883 136
275 762
974 698
198 806
474 613
973 253
769 258
238 166
528 78
702 537
129 951
377 644
147 264
64 604
671 564
621 53
248 179
428 842
811 690
299 97
533 95
957 522
819 446
78 773
517 880
385 625
769 959
490 234
116 760
582 56
765 655
129 323
607 854
386 78
356 705
233 874
384 239
794 248
482 613
683 570
626 960
640 689
910 434
75 613
228 267
221 519
997 665
775 21
343 255
269 323
404 541
85 294
900 356
573 239
478 627
762 168
827 756
856 495
448 633
292 217
70 943
976 166
808 844
482 460
807 256
364 236
607 176
449 119
287 266
889 82
986 856
340 341
792 133
144 717
723 250
63 49
147 69
694 654
297 347
374 416
181 106
465 826
740 255
712 346
335 255
425 683
170 441
620 766
613 130
304 517
716 339
47 393
436 283
904 916
585 225
416 82
750 951
939 781
127 174
507 260
781 828
869 513
310 974
372 720
521 294
912 496
16 412
949 912
854 816
865 220
456 525
52 618
582 74
712 546
862 216
242 812
97 610
697 874
128 592
870 197
191 681
992 744
304 465
223 809
876 74
195 80
20 211
527 234
927 272
199 62
670 819
177 92
568 278
374 100
867 592
322 440
683 609
166 507
501 939
108 350
140 531
751 157
691 556
120 630
173 350
730 856
289 343
548 32
869 980
623 812
42 422
706 229
425 98
342 441
933 878
675 371
650 675
882 732
629 491
670 188
226 867
688 234
544 722
178 143
342 568
267 428
443 180
85 438
153 344
291 475
355 344
335 6
433 629
817 953
785 389
312 549
418 396
518 495
131 521
883 154
383 574
308 272
365 13
114 791
916 44
612 336
985 187
340 778
475 537
825 516
240 925
627 657
365 699
25 665
497 430
17 609
74 37
695 326
55 9
461 47
517 613
793 183
507 857
287 954
886 101
653 573
736 392
857 432
953 199
571 858
992 59
420 777
848 208
597 758
550 709
349 448
645 423
414 781
205 886
417 846
5 221
10 962
397 674
915 419
327 339
224 218
265 963
939 608
471 832
543 110
622 15
209 640
602 229
257 13
791 673
540 208
139 625
361 516
681 243
892 611
903 31
785 516
902 767
285 248
838 637
372 344
636 696
167 331
564 379
358 6
204 310
521 565
539 254
270 951
292 535
803 596
105 855
780 848
851 155
793 375
522 905
806 605
662 394
585 469
869 585
974 511
541 346
147 586
911 244
96 590
332 590
771 55
886 881
258 714
734 768
4 821
929 138
843 152
682 153
972 939
475 493
29 997
199 115
104 15
539 810
502 956
880 830
687 712
752 700
273 125
895 363
703 11
793 839
247 523
557 513
407 470
399 375
322 950
645 932
410 460
755 664
378 241
426 638
523 741
610 214
869 919
421 628
657 387
174 111
360 212
672 59
771 103
648 296
391 691
462 265
46 597
60 966
722 945
816 96
680 353
376 361
642 727
255 247
800 509
571 782
315 434
705 626
874 960
23 775
242 118
239 635
212 884
490 191
701 417
86 833
566 254
805 292
880 551
142 595
346 243
884 425
965 689
80 548
384 468
504 611
377 769
837 587
599 29
813 86
561 686
707 988
82 613
905 852
15 866
556 173
383 942
961 785
422 300
145 482
485 452
76 809
904 207
459 663
843 886
246 20
117 368
13 913
346 286
167 851
936 960
258 969
40 452
771 786
808 652
395 773
509 252
343 674
520 703
653 275
224 649
713 390
317 569
394 414
118 385
487 123
814 79
308 503
227 114
724 832
935 59
318 906
258 638
309 705
682 941
748 608
490 365
575 410
162 239
629 460
735 127
671 114
655 299
522 470
506 525
773 500
380 513
329 351
49 837
353 633
769 688
100 944
487 936
707 330
207 197
528 878
181 942
618 732
248 99
182 863
138 358
331 397
802 918
702 434
793 358
521 392
57 153
668 834
212 296
299 214
785 630
86 402
345 90
711 117
517 533
22 213
820 470
865 401
505 552
599 203
459 222
511 818
654 203
672 194
591 63
532 694
974 784
526 498
338 944
774 679
351 903
533 199
234 530
534 774
343 719
644 754
996 875
615 616
217 200
578 337
415 786
121 328
654 927
176 593
788 757
651 972
311 893
785 438
942 780
950 101
565 203
787 719
237 49
671 964
717 413
601 698
851 948
526 811
935 21
537 147
396 316
462 171
802 952
225 120
226 773
310 174
46 748
164 371
250 497
35 411
615 836
481 440
138 455
539 543
718 78
775 907
327 98
512 417
394 330
355 943
462 153
889 47
94 156
145 5
250 173
145 333
946 958
365 215
435 597
59 289
891 645
199 97
441 234
385 227
338 893
991 678
161 101
501 130
981 758
683 98
844 23
719 124
935 991
950 304
671 573
124 369
721 9
437 790
705 859
307 626
836 301
289 557
402 112
700 354
292 322
623 831
314 401
603 618
79 181
979 803
689 60
954 292
863 243
476 685
606 207
670 327
321 689
74 227
403 903
65 888
680 587
968 760
213 531
560 534
39 653
91 410
528 554
923 983
742 966
671 997
907 50
550 211
202 63
85 359
79 845
18 593
875 153
762 51
628 892
658 879
611 850
845 333
841 786
371 311
493 437
70 963
161 826
475 74
991 5
464 339
824 612
747 320
805 429
493 866
298 658
75 530
197 593
295 180
345 196
297 481
771 741
910 223
839 521
242 820
988 394
665 163
328 487
296 13
373 80
454 481
516 118
546 390
299 94
714 496
384 954
184 626
683 422
160 519
624 239
785 575
28 262
772 849
89 35
666 935
229 318
965 373
240 421
368 20
553 817
671 730
643 351
422 660
778 753
847 337
310 484
737 28
854 772
68 236
849 861
661 156
868 514
802 412
53 585
558 489
49 954
97 150
630 729
541 294
564 186
874 899
767 477
739 62
524 372
632 480
215 212
130 598
208 527
171 922
967 776
629 117
535 999
253 340
790 8
652 889
729 748
172 613
323 26
309 65
844 174
891 738
268 507
114 920
907 132
954 707
325 429
527 862
511 401
737 102
693 6
29 263
240 739
629 609
472 882
771 33
925 291
204 693
54 964
219 183
958 360
71 348
50 575
447 300
89 723
169 39
700 203
873 676
189 185
397 754
292 671
608 395
588 157
918 97
254 606
81 793
239 605
271 115
493 931
735 514
760 389
432 560
238 377
43 639
678 373
746 644
456 405
602 268
934 946
978 703
646 710
103 986
68 393
111 183
678 554
69 514
10 860
956 911
968 551
322 425
866 197
138 575
416 21
612 111
868 847
620 488
855 916
920 56
991 397
629 558
739 40
794 929
19 307
449 472
262 49
862 748
193 262
799 215
742 68
494 804
56 273
358 329
493 983
439 373
486 436
310 69
406 269
187 485
710 934
210 72
705 805
186 341
49 484
679 760
395 400
17 190
906 227
136 77
852 822
762 652
869 561
908 155
598 296
436 539
207 336
418 643
954 545
930 217
30 880
766 729
611 250
63 211
994 473
888 735
761 515
292 417
300 468
134 646
387 640
174 930
148 539
121 889
806 171
314 445
994 575
37 845
87 375
184 703
775 282
440 647
481 881
91 876
777 44
390 257
229 1
119 143
603 820
854 445
959 89
201 834
937 432
191 12
648 676
688 9
699 117
518 915
74 575
347 764
585 446
173 294
100 28
581 776
24 81
810 89
877 463
837 559
533 669
65 699
403 399
475 234
816 439
570 975
376 835
838 864
334 54
499 641
310 560
861 322
838 650
3 492
745 962
212 75
260 323
661 365
332 151
763 845
585 803
312 371
71 789
624 501
209 858
520 139
670 777
99 249
178 290
408 317
525 739
809 490
450 276
687 300
587 309
563 309
610 172
904 181
69 37
406 782
47 632
300 782
59 430
241 32
676 221
972 813
964 466
994 691
988 699
54 24
533 896
249 858
311 314
599 87
114 57
79 948
935 369
563 791
841 356
868 972
757 512
11 249
492 867
951 148
201 248
92 551
556 590
820 947
559 969
405 193
11 27
748 270
391 278
173 348
117 406
45 227
821 14
201 759
510 414
150 411
612 846
975 489
48 754
746 47
531 645
676 579
473 176
604 499
197 69
254 343
60 543
352 77
317 541
766 429
749 507
149 391
727 64
639 29
952 874
759 92
147 955
147 202
114 870
419 547
194 274
922 923
667 913
546 334
821 144
469 960
6 859
407 110
960 538
261 340
394 870
339 606
584 263
553 675
646 331
422 548
628 44
21 139
141 510
60 705
973 743
889 908
707 745
211 135
397 645
451 6
137 488
733 807
177 366
107 345
469 27
297 688
205 543
964 494
651 376
885 375
730 857
187 275
93 715
717 747
331 883
434 100
592 352
911 487
467 182
851 74
533 477
622 660
824 668
150 500
814 181
390 88
487 741
194 693
790 638
123 666
957 425
6 605
757 451
302 898
843 272
686 43
931 53
271 258
867 674
207 308
843 271
713 118
868 516
240 899
262 87
72 598
719 247
474 188
257 207
578 269
49 401
90 653
52 515
1 224
764 869
304 553
253 624
674 949
419 924
217 5
774 306
310 670
57 200
650 138
857 604
186 436
218 352
225 529
199 973
927 986
467 773
50 93
815 369
936 944
419 751
365 56
902 915
83 498
684 298
902 827
84 957
206 43
697 302
682 928
85 826
716 676
101 637
879 698
770 740
759 82
736 143
887 832
634 448
922 856
361 833
508 651
563 298
935 441
341 100
724 414
690 393
574 506
512 177
838 803
932 646
321 625
31 413
315 255
895 24
704 275
490 799
988 38
944 995
223 285
795 994
564 913
913 408
127 163
960 736
860 643
246 719
209 4
699 825
165 359
842 642
280 120
791 303
795 65
655 309
191 550
622 949
334 784
525 165
990 219
609 41
861 28
486 36
166 241
571 446
610 701
809 618
586 73
373 300
507 570
723 344
216 923
955 763
233 18
162 23
856 480
533 890
426 229
905 53
637 943
901 714
344 415
598 3
617 538
882 700
664 667
56 964
356 506
608 248
62 562
506 334
558 964
612 54
50 560
743 654
551 894
50 840
870 597
973 126
934 280
564 399
617 82
333 189
519 578
527 351
527 49
631 471
572 650
49 790
649 804
986 398
907 563
755 957
288 648
578 831
626 858
412 860
95 832
425 921
73 713
922 831
740 778
84 66
638 875
437 156
490 114
930 148
845 633
299 172
766 117
721 398
129 759
885 368
485 572
804 71
256 801
526 555
392 491
400 647
71 817
203 473
952 916
945 717
753 887
481 537
822 501
138 437
177 539
605 689
609 696
848 230
757 341
480 696
553 454
52 484
944 636
881 704
704 522
512 543
561 898
326 844
368 485
548 398
417 428
343 593
985 466
739 854
449 317
342 923
637 873
136 981
86 171
975 459
907 198
745 517
731 890
21 77
968 171
303 649
584 772
499 750
604 797
667 174
716 950
783 731
425 211
438 613
767 821
642 241
7 837
786 730
956 562
653 52
583 187
306 929
202 446
435 223
710 931
718 143
244 418
458 249
819 198
774 389
221 675
128 278
205 827
356 613
256 869
254 171
839 902
820 336
782 722
749 399
949 860
927 707
163 375
859 18
87 61
803 916
476 603
720 981
645 41
766 494
57 623
5 170
960 105
968 638
8 202
826 547
66 902
498 144
834 60
239 772
704 647
156 173
361 643
432 993
674 222
78 461
390 801
511 161
750 38
722 539
951 713
15 632
543 280
234 513
29 424
882 87
865 703
560 683
48 484
551 614
23 953
602 905
360 839
68 142
149 263
23 60
157 307
571 619
575 168
470 51
924 888
198 967
291 518
248 875
602 658
433 372
507 518
773 776
702 407
665 350
448 138
459 730
369 404
127 575
996 965
87 220
83 117
909 2
493 921
466 192
4 681
651 78
911 375
435 160
523 240
961 433
461 484
708 874
408 898
328 911
659 194
489 612
976 436
12 500
787 135
766 338
283 79
30 314
832 684
193 298
288 932
617 920
946 967
651 975
912 494
25 132
717 344
220 846
223 638
234 671
537 322
85 400
454 872
1 439
319 566
57 340
607 159
457 521
121 417
246 109
423 512
369 229
292 849
343 860
83 410
653 965
747 784
406 898
342 455
855 998
593 206
874 360
282 99
510 186
920 207
816 718
795 326
320 757
910 820
839 837
555 94
103 437
834 535
304 123
317 36
630 113
939 966
702 645
706 35
74 818
899 555
739 209
414 90
747 345
301 986
499 182
953 166
93 35
630 706
117 329
989 476
478 180
226 961
826 988
165 266
611 22
711 788
919 839
125 627
121 973
959 505
478 820
557 380
126 899
387 483
488 885
556 268
503 41
242 395
375 379
8 55
210 69
381 703
147 804
842 204
679 238
167 716
878 862
193 361
7 297
422 235
333 371
695 171
562 132
7 590
955 871
837 510
626 981
154 821
582 392
137 661
159 609
812 610
418 559
989 631
404 36
652 449
809 348
939 571
471 107
711 218
310 607
833 210
808 981
707 735
739 934
606 467
549 263
261 20
251 812
315 885
193 321
877 756
731 565
652 465
858 743
132 993
237 860
41 567
661 58
470 137
802 210
418 81
283 552
982 741
392 270
76 240
921 752
503 791
384 333
359 537
432 302
176 76
468 310
929 552
298 283
457 10
971 201
433 884
897 572
550 918
551 612
859 753
702 291
119 586
579 452
614 2
397 286
914 668
592 166
25 614
391 467
209 756
174 239
788 236
415 791
20 709
193 488
113 741
753 492
758 864
39 740
720 2
550 170
904 663
804 917
381 798
225 576
782 328
832 434
111 41
164 510
834 733
860 809
856 406
60 204
313 789
75 373
410 598
337 233
862 895
711 292
877 962
886 666
65 232
191 698
105 122
125 369
833 323
454 959
768 802
423 723
805 361
495 608
13 747
7 863
912 460
49 303
477 911
816 938
826 100
525 728
801 184
43 615
358 871
759 531
97 763
761 892
376 3
731 289
580 612
467 32
200 975
597 466
616 26
372 76
748 640
629 618
806 256
908 743
229 155
990 533
761 416
134 229
524 440
163 428
484 173
816 158
410 360
300 722
779 43
119 448
942 852
567 825
356 67
433 872
794 448
459 707
747 220
864 886
979 967
501 329
347 711
333 541
383 479
924 557
628 986
67 942
145 170
365 146
251 980
188 606
316 114
938 719
909 940
953 853
503 231
338 312
769 574
413 16
755 575
34 839
543 287
824 191
159 336
2 835
626 299
314 292
966 392
356 644
849 460
872 948
491 943
521 597
286 730
3 778
418 111
866 463
359 210
453 569
731 651
684 70
166 117
419 551
20 488
995 417
324 322
98 73
958 682
532 741
137 663
844 247
428 169
883 638
182 626
252 911
890 11
294 663
349 807
201 689
331 894
816 458
63 978
0 798
870 303
911 806
387 655
338 21
75 207
960 852
470 791
224 569
927 412
243 225
737 342
777 378
709 712
502 632
477 506
132 274
368 870
436 948
729 324
945 924
708 155
348 328
713 407
773 170
695 127
171 562
608 786
870 640
936 158
538 713
421 609
223 938
295 289
647 6
279 651
891 671
696 435
530 753
782 35
67 572
527 547
512 646
464 447
105 114
192 229
550 141
563 337
794 691
587 477
76 402
305 9
242 855
373 633
424 713
697 137
934 354
157 264
960 806
297 271
395 581
873 675
434 109
222 402
899 543
488 450
494 147
248 273
135 696
31 735
429 243
850 959
595 936
80 902
516 15
716 846
782 185
923 809
631 305
420 934
171 158
749 862
589 481
620 634
332 417
537 967
527 636
892 610
488 318
391 0
806 720
226 895
364 454
752 316
456 704
945 480
453 207
853 875
374 783
53 834
323 138
193 940
495 291
932 817
696 747
285 176
350 674
916 154
115 64
65 774
802 949
592 46
317 450
448 923
550 833
647 760
805 328
911 885
613 333
324 685
610 317
556 653
816 386
791 731
170 974
915 881
172 44
359 776
855 967
595 49
489 708
238 744
581 839
80 657
810 104
597 421
427 795
205 678
542 958
463 4
350 227
831 269
723 709
725 312
829 809
343 181
570 161
985 856
731 654
332 909
132 697
456 494
881 183
287 914
489 91
261 405
178 251
540 353
520 499
228 663
796 745
562 195
263 537
862 684
122 868
235 284
876 199
744 648
88 287
356 650
71 400
558 564
629 34
686 931
966 33
397 907
179 20
948 525
216 132
547 762
887 650
62 131
713 101
660 879
85 32
886 49
532 277
155 842
456 330
795 455
1 396
969 243
580 932
678 107
939 598
506 249
362 881
932 782
530 254
835 581
880 926
647 20
481 742
464 15
841 852
133 145
394 264
121 627
513 477
868 288
259 229
544 857
635 442
661 36
941 780
44 276
413 707
151 739
758 231
430 382
279 272
552 156
562 490
773 733
165 605
295 209
187 406
125 118
25 602
715 730
298 414
750 959
912 728
211 31
81 722
185 957
531 450
386 709
119 764
21 673
621 746
563 285
850 31
826 579
277 788
651 983
810 74
451 429
674 446
758 871
133 452
480 605
810 2
576 692
825 939
269 711
147 160
163 14
325 375
456 283
151 105
855 754
615 137
364 1
416 451
843 336
505 191
71 333
150 502
462 606
935 407
841 649
462 731
295 953
776 965
602 133
442 330
849 732
727 757
1 28
740 376
426 86
704 586
621 391
771 544
754 527
141 696
621 333
526 287
689 482
988 791
770 125
939 540
194 296
203 954
313 947
378 263
596 764
660 902
700 517
868 11
814 242
262 45
694 411
355 791
237 363
692 793
463 412
926 279
175 600
539 982
597 427
105 94
29 932
593 741
168 41
515 177
52 413
79 923
638 597
42 201
432 212
375 853
73 59
151 71
64 180
587 638
646 682
631 82
658 422
856 86
633 904
820 861
292 294
759 963
612 735
385 95
144 285
294 256
803 625
594 740
946 405
439 144
977 819
209 285
685 559
976 781
791 929
769 257
607 710
884 513
571 246
462 820
915 24
855 859
372 593
417 107
742 686
601 317
54 746
528 24
26 654
265 653
746 530
996 819
871 796
712 600
816 926
353 484
239 589
447 988
150 688
968 947
126 166
382 906
299 416
461 999
949 139
8 39
830 278
102 584
914 247
134 805
413 295
495 978
938 833
279 123
907 540
478 99
197 174
353 92
904 875
722 667
32 526
292 445
526 27
707 716
839 31
179 283
397 889
384 80
696 934
403 121
269 871
500 605
341 544
477 244
521 246
608 593
176 992
321 111
376 807
494 682
727 888
457 451
152 805
965 626
52 901
239 706
981 993
514 725
454 206
592 84
115 246
0 119
537 319
738 151
381 555
314 13
909 696
429 973
298 784
259 285
237 975
413 347
577 541
158 601
298 187
895 386
196 378
728 34
744 835
485 580
434 980
722 5
83 768
995 844
37 840
385 528
98 451
146 462
392 690
879 19
280 478
163 174
254 456
353 184
587 522
139 524
946 214
421 601
629 300
337 470
670 244
804 828
361 558
290 860
585 308
165 209
626 227
39 453
317 136
939 820
337 577
226 602
430 231
577 891
481 558
831 192
977 672
970 891
337 982
320 114
219 865
78 164
4 28
325 656
225 792
903 864
805 914
376 869
278 819
534 985
959 919
274 781
182 184
697 227
823 933
694 116
809 337
43 19
631 892
68 21
866 522
643 813
900 709
532 700
310 684
889 504
532 677
261 4
211 633
599 28
157 202
325 77
590 610
886 702
288 851
250 893
501 101
113 212
963 363
657 861
55 324
600 478
802 241
105 928
536 129
199 891
629 667
582 278
686 849
227 948
478 517
576 432
533 185
615 612
742 9
114 857
898 451
627 287
268 111
301 0
537 454
636 260
854 619
885 546
11 686
48 424
478 688
373 384
86 717
168 132
930 487
947 876
742 838
146 752
186 816
642 63
256 16
762 244
370 22
899 909
619 704
567 674
167 605
592 230
736 384
274 149
143 703
169 930
433 199
500 686
714 592
888 405
135 408
817 865
246 638
120 5
774 894
767 376
735 663
456 926
531 73
841 855
208 934
916 202
67 352
503 967
292 216
748 701
66 276
149 242
391 931
230 908
159 836
346 618
848 135
726 134
290 509
0 742
860 967
908 752
669 771
684 900
657 429
612 948
302 404
367 778
19 390
683 211
130 549
673 518
632 897
292 56
331 454
364 647
896 870
942 644
493 685
234 42
664 525
261 437
965 351
261 33
902 475
359 289
244 16
133 38
524 636
498 562
77 874
830 152
621 593
535 786
15 503
714 429
816 198
564 914
395 517
449 904
978 95
225 52
707 918
662 404
596 111
678 860
647 569
895 251
873 353
476 468
652 559
695 660
55 508
297 149
552 560
69 412
822 186
151 18
237 216
65 433
602 551
884 448
441 93
705 936
312 568
821 690
310 402
714 428
393 890
528 819
593 100
472 664
277 199
764 318
463 58
49 856
741 305
102 60
661 718
329 347
40 676
753 311
499 842
387 323
391 875
926 507
920 172
830 480
46 303
910 262
328 508
297 518
101 524
802 878
211 730
191 561
193 560
444 595
604 0
451 945
676 333
187 885
728 768
60 395
198 746
648 830
928 914
802 638
49 695
726 688
485 868
712 649
820 842
342 926
639 648
615 431
983 613
622 461
8 12
91 657
941 662
524 605
281 176
85 945
591 44
206 926
97 658
448 172
419 692
859 527
537 715
898 14
165 24
264 557
760 330
686 486
607 574
632 245
360 780
981 22
520 773
2 610
915 474
102 22
581 579
617 39
629 541
417 20
845 257
784 690
472 941
612 141
257 826
294 657
682 364
65 617
774 634
400 119
307 470
457 51
232 908
400 725
471 315
147 230
2 685
485 436
943 622
493 536
349 55
636 234
467 375
751 864
415 427
313 723
982 877
783 770
836 787
555 675
982 67
796 981
179 635
588 700
4 497
791 782
461 394
244 26
995 919
841 443
331 924
636 191
936 530
578 469
864 507
201 703
927 104
22 95
978 660
115 750
12 659
323 250
833 915
400 720
652 795
294 884
997 848
430 606
925 400
847 808
152 810
985 200
960 582
832 746
969 289
197 936
802 147
217 842
342 523
122 447
604 933
426 307
63 598
292 648
184 860
983 752
400 193
794 170
943 651
19 559
552 380
442 542
397 365
95 542
698 579
774 362
903 716
512 343
809 90
668 799
69 373
659 891
247 679
150 183
498 114
388 842
239 252
124 492
907 845
267 793
122 833
288 211
989 101
274 701
652 633
851 133
956 154
613 987
997 28
15 535
554 689
312 259
327 80
914 978
225 99
747 300
793 985
674 428
313 692
777 59
452 49
384 674
831 5
872 877
339 162
751 906
150 384
773 216
713 241
998 833
936 240
622 62
662 526
656 636
380 740
992 98
968 319
178 239
756 121
193 688
312 109
607 411
243 328
170 701
295 669
192 657
447 761
863 19
2 301
308 893
192 883
403 357
772 125
767 924
967 529
347 886
862 817
525 587
808 449
625 227
457 980
746 870
324 712
285 707
126 750
477 399
714 909
680 505
227 400
894 491
49 832
282 639
593 809
891 295
33 822
64 415
689 652
395 899
69 3
175 870
829 326
705 820
489 202
221 506
254 103
775 576
255 684
550 929
313 362
657 29
582 946
396 885
297 124
399 587
214 449
351 5
334 955
346 218
664 50
641 940
798 769
642 428
454 913
509 33
699 644
432 732
954 892
987 695
297 120
492 174
742 436
699 440
20 153
909 771
950 154
891 762
410 423
355 677
201 924
1 254
603 187
743 831
593 625
81 579
783 697
788 869
250 411
607 325
912 43
917 939
653 986
244 853
475 267
66 293
484 179
857 44
896 521
537 838
289 832
363 53
852 994
195 586
530 785
245 851
999 222
603 302
345 818
736 364
174 695
73 807
47 446
148 434
676 0
249 740
139 929
478 864
387 795
87 680
357 247
63 271
415 230
167 876
717 916
580 103
230 25
817 51
74 374
114 303
990 341
752 637
574 134
618 338
182 377
456 420
848 735
938 214
318 586
966 330
909 655
337 704
566 970
802 909
770 959
632 916
98 111
139 411
470 550
278 611
224 350
63 38
224 144
696 302
689 7
66 770
787 240
756 333
420 577
799 819
969 6
71 365
871 601
634 89
41 973
755 978
307 649
381 640
357 799
595 65
394 695
360 31
233 82
477 671
145 546
267 23
401 390
679 411
422 551
380 591
516 720
318 427
875 596
928 970
335 682
813 914
22 714
365 455
826 570
668 565
494 368
362 571
189 702
448 377
504 90
635 192
168 919
742 488
92 574
249 248
318 95
473 771
917 693
115 926
747 538
285 912
519 323
758 982
928 832
613 126
715 785
748 414
943 300
998 642
824 244
382 208
733 737
228 92
744 122
500 337
353 247
884 386
551 21
513 328
615 535
228 574
538 247
41 721
240 484
791 535
579 5
481 268
960 787
389 67
876 961
574 913
62 112
772 375
174 429
70 291
612 712
454 323
497 309
124 770
517 608
210 185
926 841
775 650
303 677
804 111
719 717
897 427
969 280
788 760
122 870
380 720
322 368
358 240
760 417
185 788
206 611
98 907
977 374
759 569
293 500
388 693
154 910
439 424
957 262
874 206
246 369
41 246
672 987
759 109
775 112
637 675
736 565
285 711
648 539
98 749
47 212
500 836
497 598
987 901
972 786
295 578
388 245
722 603
338 103
833 624
254 200
416 1
680 672
101 862
435 773
262 107
298 765
727 543
644 468
558 65
405 197
698 965
443 546
638 564
242 406
825 785
634 353
53 434
76 546
410 755
346 150
231 499
154 310
553 147
753 786
654 714
989 864
956 144
694 980
116 940
370 957
232 50
114 424
691 209
354 278
337 10
951 779
455 31
420 582
38 152
335 597
791 749
690 549
110 735
13 402
404 331
586 828
80 265
559 244
351 632
602 587
230 700
379 243
612 543
464 863
646 834
892 50
522 510
315 148
134 430
982 47
892 930
779 653
876 957
781 592
250 728
926 942
640 101
298 94
943 933
518 123
127 271
919 887
841 585
229 107
222 661
264 464
467 423
864 793
692 526
976 562
675 989
987 397
720 51
232 971
191 83
540 283
790 309
983 654
199 814
408 33
825 299
807 684
217 175
283 351
290 524
954 906
683 443
922 506
641 683
511 710
115 972
763 905
775 356
660 62
801 849
553 136
691 934
522 922
601 969
571 621
358 564
565 19
770 735
798 987
159 346
7 938
291 317
813 468
331 659
63 414
521 418
131 80
455 92
795 651
948 665
523 931
996 231
267 32
893 609
187 719
228 910
577 376
177 66
273 214
978 71
373 252
258 783
373 77
768 577
188 44
582 58
800 23
722 132
162 742
127 864
686 459
319 758
794 83
256 866
310 258
170 748
875 267
854 486
715 802
147 438
359 661
924 341
71 918
973 719
634 698
954 174
179 405
578 82
612 521
883 911
86 447
488 496
169 677
239 874
915 26
625 128
661 273
722 482
917 93
909 852
265 91
477 462
961 146
116 354
350 858
287 695
239 658
559 341
736 958
672 391
963 914
238 25
544 410
734 72
783 274
338 295
114 651
134 86
461 811
878 130
365 418
514 996
822 209
279 797
985 201
995 105
177 747
462 367
603 835
901 939
926 754
639 133
599 21
150 131
644 702
665 363
929 105
647 645
358 310
854 913
797 350
8 530
494 369
865 420
405 649
528 312
180 942
884 869
133 364
947 700
336 856
63 884
754 710
904 705
286 524
934 954
53 6
471 847
700 335
719 992
146 51
695 57
573 799
122 874
466 849
976 771
426 691
134 486
12 836
531 299
738 729
739 867
126 705
127 513
745 647
617 187
101 536
709 59
253 545
507 557
432 12
104 394
746 648
152 213
873 490
620 316
585 396
404 949
334 938
788 55
37 902
631 57
938 895
866 816
215 224
480 947
989 865
572 150
646 828
860 917
24 878
872 951
26 966
630 759
589 724
582 309
214 215
120 59
673 29
440 620
56 13
558 72
281 107
50 607
751 72
153 345
817 731
621 580
913 713
228 203
363 261
571 289
646 777
74 600
284 106
210 437
156 691
729 413
580 634
436 276
301 519
938 420
450 48
270 54
99 907
81 170
787 876
73 870
992 332
975 819
758 919
178 680
943 98
970 342
402 406
673 112
101 203
407 386
676 662
634 791
545 852
635 574
576 38
9 64
945 494
590 948
585 235
892 740
343 758
168 297
957 961
310 864
386 278
421 490
768 763
663 887
890 500
256 569
730 200
684 788
312 660
275 361
588 742
572 937
449 979
688 425
893 898
833 534
86 520
132 774
839 798
603 604
41 817
790 386
418 935
369 203
505 817
999 909
432 90
549 101
608 826
937 639
103 12
964 745
412 112
390 648
88 165
910 944
907 111
780 630
222 711
126 904
398 311
746 164
594 886
997 198
754 662
546 197
254 533
862 617
630 67
761 407
75 565
547 744
363 977
206 963
272 834
792 583
228 24
70 543
806 348
330 482
89 515
17 407
126 571
413 60
445 844
391 741
267 99
664 342
82 872
186 331
987 437
259 271
427 911
528 6
970 507
596 314
853 883
714 831
834 211
317 29
770 303
667 18
775 641
58 531
511 751
443 809
941 115
599 195
52 312
310 993
937 984
3 646
904 129
540 109
926 980
163 701
704 912
199 449
131 757
12 210
610 970
510 388
18 376
854 85
550 29
860 866
879 355
676 720
509 434
482 521
1 172
525 846
523 374
568 660
109 77
282 447
597 765
988 673
47 586
350 377
485 783
588 46
757 106
312 486
774 268
550 604
624 596
905 537
185 950
796 580
144 874
352 338
138 624
804 585
388 517
857 213
98 793
970 827
30 832
525 188
556 231
781 16
952 522
894 794
663 603
664 478
436 469
749 602
414 552
781 155
371 835
823 600
605 138
390 281
717 134
289 297
167 705
581 918
224 87
246 407
452 976
215 727
833 318
101 655
669 996
131 849
539 69
679 800
989 460
401 351
967 891
336 706
892 388
866 884
219 621
512 491
943 872
2 330
974 652
505 567
740 916
89 331
102 133
732 767
154 643
515 564
443 721
918 177
467 409
335 431
847 485
31 244
637 825
360 529
91 419
826 360
403 417
165 934
721 187
969 686
752 77
301 438
31 521
860 660
536 249
735 875
184 344
713 668
242 963
901 197
212 805
350 642
519 783
821 772
862 755
156 353
503 985
482 455
172 660
904 390
294 224
484 531
935 11
322 571
141 866
40 557
73 830
647 579
594 129
848 628
931 342
202 886
900 467
33 513
268 569
829 745
272 93
226 803
376 145
399 298
884 780
33 260
916 663
620 500
531 253
722 227
915 987
584 75
601 745
260 121
657 458
141 736
193 337
873 796
738 277
679 867
108 823
0 183
567 742
104 282
879 78
72 912
584 271
593 799
280 897
957 668
817 488
653 585
407 1
769 61
921 524
656 739
224 535
999 613
245 829
54 7
167 410
91 863
727 118
365 896
450 442
621 737
564 654
667 572
527 938
376 277
701 229
930 777
416 843
157 709
390 225
707 466
489 319
839 706
80 2
411 330
702 5
971 30
633 396
59 708
125 765
878 774
823 462
918 890
296 714
447 994
535 281
424 317
289 567
868 129
531 961
750 443
643 989
609 298
568 779
687 803
538 900
721 762
528 352
698 597
31 440
261 139
281 701
280 677
75 464
605 758
240 214
979 754
893 615
422 829
488 416
195 645
193 65
18 780
131 923
88 246
900 768
457 666
183 606
676 378
628 995
426 846
236 809
546 128
880 803
438 183
853 760
581 981
914 24
411 850
861 304
348 808
640 199
575 700
154 238
652 85
123 594
895 959
184 864
737 596
750 302
254 472
8 600
51 124
39 431
494 231
708 879
603 850
271 185
437 32
927 442
582 435
970 53
291 486
174 108
604 67
495 33
606 793
805 809
320 340
191 207
186 231
238 89
616 319
831 272
349 858
408 915
981 842
252 278
293 200
216 385
178 413
724 370
158 94
134 97
353 21
699 761
176 810
318 812
381 814
885 709
246 626
901 192
905 612
253 25
280 775
473 551
912 347
404 176
958 797
842 54
786 847
342 706
675 742
599 269
687 456
458 565
83 521
357 57
868 281
207 858
303 201
655 468
299 803
152 216
137 933
290 857
683 455
629 240
546 304
212 671
558 888
408 189
308 656
855 298
523 766
686 216
283 9
787 37
299 70
576 64
157 924
135 116
544 840
507 198
687 976
326 128
306 937
720 602
649 578
58 28
330 102
626 392
692 750
105 476
183 140
600 32
999 554
858 989
746 394
495 218
867 21
874 653
383 807
360 919
126 768
622 803
840 195
641 186
503 116
932 525
551 565
86 437
891 352
849 46
765 511
747 898
184 12
472 349
570 208
224 645
748 5
652 107
594 743
514 24
28 796
472 19
513 473
29 401
208 134
432 247
944 728
468 293
112 54
545 742
867 16
847 996
975 683
286 634
988 268
960 560
745 835
952 307
179 403
933 513
926 728
681 611
300 50
749 84
157 946
227 584
828 865
416 244
448 985
588 255
851 270
247 558
315 141
988 807
321 811
459 627
744 237
312 97
557 352
882 826
925 318
358 672
547 249
886 590
588 930
528 924
354 514
830 329
250 847
790 326
543 570
532 954
943 964
224 708
296 545
701 841
487 263
104 718
622 522
796 166
318 810
238 569
631 128
864 749
54 503
362 666
401 195
46 345
372 353
656 462
188 470
650 994
235 670
909 310
127 604
512 705
116 641
738 987
941 72
322 184
820 295
899 822
902 931
308 445
718 467
875 477
179 593
155 150
783 117
914 729
298 894
666 920
186 549
758 40
705 461
656 530
769 245
46 112
66 895
316 492
898 499
295 718
65 621
97 368
983 87
461 844
542 824
379 21
966 205
345 784
4 176
414 594
875 301
276 911
514 720
294 388
961 186
587 34
558 900
253 348
779 200
465 927
765 764
963 354
297 222
973 754
733 359
462 176
864 699
668 102
812 330
108 988
674 199
247 644
677 15
208 614
961 465
233 916
776 510
385 56
893 333
850 57
402 582
899 410
661 903
428 416
763 891
775 791
410 997
43 572
216 50
910 547
78 90
666 796
389 190
458 541
995 937
322 684
874 851
21 578
306 337
600 683
361 873
447 587
128 535
50 567
633 89
202 706
132 333
544 482
324 583
633 734
306 80
752 590
405 706
916 50
641 326
102 354
540 436
202 249
351 24
689 485
624 675
244 24
355 428
21 556
695 794
971 110
252 277
975 949
156 815
765 611
905 744
464 173
474 681
324 220
510 762
464 208
28 518
190 948
910 395
585 931
282 579
953 99
143 562
872 368
175 119
929 303
81 262
740 733
500 679
611 227
373 730
523 388
645 845
14 876
53 652
706 44
138 637
380 693
302 602
405 906
987 253
524 633
994 54
738 115
435 661
438 612
794 827
857 521
658 723
709 734
78 792
318 165
146 104
970 641
194 908
893 929
239 87
952 685
947 701
493 472
685 418
540 44
108 975
292 163
419 735
577 50
372 671
982 211
50 952
201 953
847 630
975 783
533 291
271 16
300 141
414 404
228 156
410 259
147 123
292 78
167 955
442 2
286 190
30 170
199 397
709 953
228 569
921 43
121 14
827 920
815 748
594 256
707 655
673 545
744 556
815 238
384 750
945 198
308 810
5 673
876 124
609 914
211 539
682 807
629 560
174 659
488 252
984 439
861 220
131 626
10 726
673 843
207 533
972 437
664 721
445 148
281 106
642 294
890 824
229 628
464 302
398 98
367 387
155 153
819 936
3 379
481 556
545 265
632 961
459 263
820 954
892 66
929 630
558 502
601 522
293 216
276 664
838 835
761 561
502 484
352 395
194 103
997 655
298 75
720 419
309 357
89 780
482 175
177 195
643 550
305 231
328 702
12 984
419 346
660 556
979 922
589 108
479 540
414 618
939 738
732 201
784 38
238 88
167 300
747 301
550 633
242 152
886 547
690 492
695 891
645 160
410 354
793 961
752 650
160 33
71 852
249 197
136 845
605 593
414 847
412 815
707 346
169 321
396 477
721 372
38 650
640 819
436 160
406 673
653 312
937 916
73 40
496 796
16 634
785 481
86 609
812 417
306 801
215 399
555 993
34 436
481 559
84 478
782 538
345 248
424 851
810 694
354 799
513 774
339 593
831 826
612 595
497 68
763 441
567 223
671 112
900 791
431 725
355 562
957 902
310 760
199 153
365 843
263 112
270 853
996 564
354 396
396 31
121 757
436 709
324 308
293 45
272 638
81 971
339 903
947 707
370 92
629 540
116 896
304 256
835 696
817 431
300 761
376 934
363 114
745 598
961 334
584 54
313 542
628 582
264 476
638 954
774 937
534 19
425 518
942 245
568 589
971 843
859 119
598 819
317 921
79 599
360 504
3 852
230 734
168 117
570 709
5 471
915 15
980 235
550 958
259 4
874 670
833 603
354 98
828 78
228 88
904 99
689 114
908 173
618 160
236 167
60 294
648 956
441 204
362 279
605 220
862 805
314 150
810 835
304 815
268 793
54 260
836 928
863 699
292 172
101 182
754 2
683 785
836 636
735 768
845 878
688 547
742 684
968 460
517 315
390 483
749 202
801 217
151 306
270 364
420 782
214 369
270 152
999 151
123 516
11 676
645 386
683 690
852 172
892 449
660 819
27 418
752 65
937 170
660 657
20 36
852 380
387 583
265 455
93 985
349 846
318 451
459 381
809 925
520 789
185 890
444 616
828 953
934 648
898 17
810 79
973 832
849 808
931 841
966 329
226 388
352 693
233 658
321 455
461 688
44 727
224 743
659 688
704 5
369 791
962 954
454 478
5 744
248 184
356 808
734 476
302 993
52 529
168 925
599 804
96 972
679 509
633 603
362 256
349 352
664 488
634 0
852 345
271 844
401 208
262 938
652 299
867 320
924 729
409 362
504 879
327 835
304 510
919 275
795 409
994 208
960 136
826 6
506 648
877 744
144 663
283 596
884 14
405 901
462 525
754 952
279 566
527 851
934 943
907 69
997 234
107 250
298 439
86 941
767 322
885 770
17 252
230 196
228 288
549 756
577 61
105 947
799 411
220 808
812 220
379 314
876 28
543 875
443 526
121 942
363 85
732 408
91 621
629 721
514 296
487 287
748 533
192 105
922 547
716 885
869 935
769 523
79 485
709 89
1 703
571 747
762 191
993 783
947 145
995 695
414 327
669 501
303 518
380 85
586 823
209 287
605 348
358 866
241 377
59 330
518 743
6 765
207 391
579 246
406 121
67 370
759 665
196 357
730 941
977 954
343 344
569 245
722 685
627 48
675 815
45 373
453 184
490 907
983 963
332 924
343 279
559 741
222 97
426 377
350 529
522 109
82 513
239 116
426 804
334 632
667 888
55 611
98 768
100 700
456 12
544 655
102 728
663 372
104 397
181 721
64 285
434 524
519 785
238 184
864 555
540 12
960 888
229 115
897 294
833 954
518 572
215 377
719 458
9 285
381 186
231 150
141 295
732 809
974 480
219 646
565 255
575 209
280 991
68 555
911 748
722 655
45 641
40 745
542 680
171 831
861 369
24 203
903 489
48 517
574 174
684 560
782 645
326 981
301 623
821 64
679 194
310 957
537 199
944 163
79 260
789 796
577 518
926 326
924 847
683 499
632 898
392 60
538 814
392 440
799 899
71 393
883 529
806 356
713 688
962 11
835 261
362 982
916 267
828 43
712 395
258 230
831 428
875 784
34 937
918 34
314 504
96 759
781 86
172 389
403 443
313 593
533 950
608 112
592 551
112 376
410 626
576 299
709 622
635 713
564 556
946 5
946 242
436 721
357 953
98 16
839 28
907 634
638 163
260 879
862 389
310 805
333 258
492 491
854 227
835 395
425 423
192 455
747 410
266 563
850 635
365 974
150 726
582 916
63 21
840 732
607 413
803 142
422 245
0 412
335 961
814 261
179 993
865 87
238 532
859 112
672 892
265 947
17 89
45 39
196 416
671 454
613 667
88 928
502 673
229 142
891 698
866 838
812 775
519 100
835 460
748 92
79 349
784 338
36 658
725 941
196 411
568 961
997 512
412 670
258 819
538 837
145 483
469 383
752 997
347 813
993 809
815 168
219 523
89 891
322 103
239 123
595 91
248 553
749 800
635 591
967 829
976 505
53 436
363 127
923 365
184 652
416 475
597 577
490 128
438 908
977 626
468 180
940 192
764 865
627 153
486 621
654 214
473 601
574 477
896 96
840 820
491 490
178 136
193 975
920 2
812 792
863 708
308 137
556 884
856 960
761 692
557 366
640 296
793 766
570 271
865 655
658 85
476 172
644 751
467 34
864 674
411 296
797 865
799 804
765 254
768 703
107 978
362 342
235 696
435 653
441 417
600 433
938 961
485 145
313 0
811 496
815 350
982 861
137 689
835 888
512 192
676 719
99 290
41 568
581 340
299 773
858 990
617 368
630 653
477 772
787 557
177 108
994 67
91 525
361 548
543 37
349 330
879 220
579 245
187 142
868 925
29 355
129 76
37 31
289 886
780 403
183 138
626 467
630 588
206 93
454 882
502 766
138 176
937 840
419 9
972 466
852 170
855 200
796 311
899 835
653 626
624 711
12 759
68 505
148 99
368 938
396 144
508 686
293 380
747 897
580 157
186 934
910 772
328 441
635 739
335 801
142 791
311 179
609 478
882 414
476 226
773 114
489 59
965 262
576 231
293 137
944 272
498 500
964 975
377 602
958 408
503 31
961 316
696 810
993 784
986 202
331 470
591 439
261 976
70 133
872 647
350 619
766 264
35 12
489 219
91 198
307 29
8 77
768 353
875 798
182 424
408 413
772 346
93 792
676 66
782 753
73 3
741 276
270 483
457 853
261 687
657 979
318 118
921 821
318 827
660 603
439 350
319 197
57 364
927 38
383 50
95 437
744 490
963 144
38 166
593 0
218 252
507 63
372 121
467 44
376 893
112 179
69 794
222 629
213 913
898 176
610 144
628 868
64 722
782 616
346 73
321 782
72 408
566 951
586 477
351 969
88 990
498 538
494 743
10 986
858 855
215 98
361 730
130 908
405 948
87 535
807 910
509 834
717 699
719 402
839 680
302 773
14 468
122 158
475 690
543 526
694 788
40 864
735 473
420 932
23 849
102 832
755 108
633 705
30 707
866 726
220 251
631 219
812 397
75 226
436 765
907 875
464 746
54 549
126 245
76 585
730 774
758 439
561 225
989 914
642 767
216 92
744 346
878 538
785 241
825 493
230 965
639 814
769 20
347 361
467 575
233 75
429 359
146 984
453 579
680 581
210 565
28 371
893 835
632 756
110 869
652 210
26 413
755 874
567 602
111 912
406 636
484 708
631 95
988 311
589 539
265 572
337 762
849 675
282 627
10 706
132 472
376 487
786 436
839 320
254 457
119 538
126 864
32 458
910 354
829 860
943 170
17 146
479 161
179 128
309 45
700 297
979 215
316 442
451 871
557 777
714 770
717 704
930 871
55 690
524 531
634 30
645 788
680 366
580 419
182 662
428 156
904 934
452 714
380 579
906 578
387 233
646 568
461 5
436 354
196 471
737 172
336 967
880 232
495 45
92 556
207 733
703 237
768 274
956 353
501 809
831 791
384 654
422 482
36 278
274 920
427 378
137 13
120 339
896 603
525 608
212 45
797 425
388 166
389 525
482 850
342 708
452 737
601 291
293 819
894 988
96 47
359 844
679 816
75 719
775 955
833 225
435 233
897 198
258 728
909 203
608 145
804 900
125 761
161 55
862 839
497 577
630 278
992 407
454 155
358 305
576 368
290 378
317 396
325 388
331 813
763 382
602 991
782 117
139 951
809 209
586 594
615 571
836 415
675 893
166 281
17 160
396 561
807 816
822 818
84 775
850 209
940 402
134 508
265 250
416 167
627 589
951 325
592 488
847 965
539 124
545 523
50 215
921 344
565 410
240 746
791 132
883 174
145 782
702 660
167 435
431 551
70 75
420 903
924 306
930 796
520 291
576 189
926 732
658 759
797 917
797 694
57 947
597 15
68 538
808 816
963 165
168 247
82 736
967 781
268 704
996 974
630 175
792 295
517 80
153 913
580 924
912 112
88 22
698 305
843 6
331 306
158 970
266 857
850 544
523 302
911 479
790 278
545 422
984 709
791 399
680 975
657 292
351 549
27 638
215 467
736 477
376 382
31 802
477 327
323 451
475 292
747 807
501 485
616 669
561 102
940 44
687 419
908 737
408 183
178 289
240 220
934 987
175 81
643 216
353 739
887 561
662 446
414 51
557 605
868 502
941 15
225 840
670 443
210 797
786 3
348 995
958 570
462 437
270 313
330 711
98 826
879 728
212 959
666 198
69 732
352 967
615 970
543 451
698 245
11 776
860 371
690 79
204 272
424 390
105 633
50 156
720 136
280 311
517 600
502 840
559 684
875 838
783 730
504 292
677 873
493 568
168 64
108 458
325 628
636 765
382 173
678 457
528 405
898 203
440 634
501 269
97 892
831 688
445 211
429 356
954 637
837 209
215 653
246 444
1 284
918 852
299 467
543 163
248 973
62 633
968 52
717 930
827 856
573 719
878 80
40 426
118 607
445 878
835 61
531 918
952 879
623 106
437 951
580 406
480 367
529 633
425 33
873 351
366 486
946 429
912 713
721 638
386 444
455 504
899 99
834 460
199 822
216 177
226 97
514 738
631 25
517 576
384 123
551 218
545 363
297 81
568 637
448 179
333 183
491 773
844 315
309 263
119 103
326 648
51 690
535 787
778 422
755 511
40 147
470 475
139 179
864 347
200 492
87 143
828 743
819 865
611 872
442 463
255 638
793 779
986 299
293 299
771 958
0 663
560 431
454 423
619 204
771 28
626 116
229 538
444 316
802 76
899 267
398 804
551 770
806 701
429 172
3 822
592 864
872 946
675 900
694 619
40 521
521 179
135 771
837 270
404 640
363 169
776 4
279 923
544 704
732 877
957 762
835 307
443 115
851 927
587 68
639 411
229 4
248 253
373 120
951 952
347 608
542 803
405 294
42 183
567 314
936 432
848 29
555 257
15 692
831 596
60 839
287 25
938 571
294 772
653 643
204 20
50 289
375 327
87 365
432 102
554 160
42 293
717 500
393 482
12 791
940 121
406 60
634 775
686 649
592 491
200 893
457 467
81 474
816 251
793 769
455 593
332 750
817 905
503 660
854 105
704 742
627 352
369 239
855 701
417 102
408 69
126 896
479 973
689 189
463 606
991 569
938 40
972 691
118 93
871 591
136 220
379 390
70 983
392 896
226 614
831 811
947 391
892 563
433 680
768 354
704 620
706 693
165 453
154 677
403 522
322 582
21 755
959 289
813 569
748 285
463 153
978 591
631 639
952 28
528 461
951 331
408 224
377 422
748 508
563 155
875 101
816 310
432 777
235 568
354 726
77 777
381 197
719 17
915 372
541 366
746 100
97 79
217 343
637 32
809 89
790 41
500 997
82 417
928 757
974 609
254 9
671 122
326 2
136 202
893 381
392 286
191 337
382 758
603 421
788 88
983 910
158 345
263 976
834 294
489 356
608 880
721 313
131 307
697 308
968 302
766 362
991 941
81 761
361 93
786 47
882 954
877 784
630 962
112 67
847 512
703 829
837 859
391 961
541 676
671 23
90 711
269 604
235 429
405 275
868 544
935 624
321 179
46 235
945 586
48 791
342 595
143 414
634 861
836 920
177 359
565 243
129 948
559 565
161 921
203 554
239 138
93 548
952 382
798 245
585 518
106 567
111 843
504 797
166 548
82 916
83 472
257 218
987 729
272 677
141 302
990 196
233 69
546 596
984 550
83 86
17 87
727 370
661 824
523 315
659 954
810 383
65 877
934 627
451 312
615 883
241 228
570 345
513 287
398 73
942 612
814 273
834 446
877 517
474 941
2 976
36 309
751 795
116 166
257 532
234 521
487 291
350 97
233 842
293 572
149 366
635 92
808 743
362 544
771 872
325 157
811 8
725 793
682 403
25 190
204 592
759 795
920 361
375 448
788 851
854 298
525 647
652 850
612 864
998 941
284 736
173 258
507 628
385 861
483 53
690 278
656 474
272 168
299 627
294 491
703 494
987 84
775 658
896 326
862 564
691 827
360 928
525 363
258 353
811 301
500 467
862 992
533 433
929 802
169 649
259 862
450 692
903 154
930 805
211 15
415 582
275 536
320 443
754 42
96 448
400 823
717 445
613 627
959 457
369 669
937 923
13 106
329 751
636 507
200 255
371 38
744 384
242 29
459 532
119 666
922 31
15 989
194 741
96 648
159 993
644 365
997 534
697 939
124 508
558 59
199 557
509 682
326 352
566 159
110 168
294 113
503 784
778 713
775 241
778 18
198 686
558 749
286 238
786 671
898 825
842 731
958 164
178 682
218 435
95 41
583 491
165 516
163 839
195 464
708 658
660 543
560 419
436 939
948 994
971 546
948 951
151 468
650 737
806 8
884 69
929 843
44 334
206 230
475 735
542 513
9 121
571 36
855 837
790 816
150 113
529 375
975 153
781 602
995 270
765 758
763 792
17 6
450 591
147 495
857 550
605 68
361 851
151 952
297 521
383 939
565 189
418 649
359 755
34 871
1 578
567 147
251 574
151 284
656 50
476 942
722 545
792 519
194 645
646 112
72 362
851 73
821 46
633 296
767 754
361 783
535 50
205 413
940 864
224 980
170 513
304 422
811 129
977 273
694 596
986 167
736 619
446 152
212 583
385 273
457 132
264 802
578 949
563 538
475 718
245 511
977 411
297 723
309 305
344 291
108 243
378 212
850 744
979 584
615 937
165 422
848 86
194 457
514 774
334 953
561 688
821 910
87 438
203 35
342 816
384 822
525 367
972 356
497 638
474 385
255 483
666 120
311 833
84 153
652 727
436 418
241 973
901 318
178 993
412 539
771 877
615 57
824 159
491 281
808 864
382 712
9 900
41 247
770 29
828 90
478 574
69 750
434 942
871 174
131 744
262 60
32 43
91 694
349 312
499 582
456 811
167 227
884 265
326 393
548 696
526 269
294 118
796 850
500 33
894 807
477 778
334 774
584 294
984 66
186 305
412 380
517 789
926 472
12 100
282 350
229 66
4 159
402 920
814 427
848 703
718 296
529 779
921 183
1 69
171 420
252 706
384 202
737 635
475 992
108 447
649 605
189 871
994 194
815 687
86 695
167 152
618 811
4 431
44 194
354 905
587 773
960 815
610 608
740 311
4 684
723 839
339 148
626 135
476 199
657 152
185 433
989 221
402 410
465 475
379 719
994 953
978 393
44 908
991 972
479 302
748 321
371 373
188 676
78 627
888 752
942 109
9 476
481 996
57 770
385 443
261 927
888 647
469 808
462 290
810 163
40 897
860 154
966 337
545 299
960 557
655 460
293 924
512 457
225 692
811 954
827 365
804 357
465 994
799 732
657 15
567 831
866 650
821 997
942 336
228 141
662 554
344 475
433 688
159 805
246 134
452 618
680 997
33 487
752 458
673 162
417 548
278 496
38 874
769 67
365 845
127 511
6 377
794 649
90 948
546 411
967 811
526 169
705 252
23 252
427 40
891 406
208 388
643 489
404 922
160 603
989 818
119 796
129 381
918 604
84 386
30 343
936 464
274 57
479 64
331 913
670 383
362 98
137 10
430 681
960 519
902 550
196 293
108 483
111 952
401 761
63 159
87 356
86 874
645 711
164 543
393 245
801 361
859 890
336 87
790 633
567 74
3 172
491 810
16 765
725 986
127 6
441 948
196 97
802 217
845 23
794 912
776 385
606 928
602 920
251 60
442 995
848 970
695 365
888 81
45 569
687 437
598 83
311 266
345 76
841 323
463 360
996 158
734 907
989 521
211 74
365 806
459 765
532 310
537 722
937 354
535 425
952 568
717 595
472 824
19 503
896 893
62 483
300 15
192 350
57 287
464 236
330 699
873 682
142 666
192 785
563 116
494 221
104 466
168 347
114 894
815 48
727 115
318 80
821 846
508 18
293 925
717 456
348 252
1 772
671 180
583 860
787 759
12 90
607 26
574 219
128 969
177 537
520 497
62 422
251 396
992 890
969 249
563 13
644 674
103 231
133 734
590 416
921 460
510 287
332 35
332 629
741 828
739 454
692 379
259 908
190 317
780 862
63 893
2 839
593 989
632 203
552 907
131 669
225 958
23 333
218 215
884 701
484 145
260 557
579 478
899 57
741 799
140 456
722 554
614 766
437 35
896 234
510 609
537 207
615 32
270 268
908 892
138 23
845 411
949 337
152 588
929 143
431 656
873 729
98 212
285 747
967 372
246 47
574 841
34 786
403 972
132 808
237 148
328 84
232 692
620 910
220 694
253 195
697 946
411 629
483 193
731 686
68 309
368 951
653 285
863 995
254 814
347 934
828 122
344 306
106 77
237 779
581 990
573 94
548 211
584 20
632 421
923 76
634 800
224 562
111 61
404 523
488 288
80 962
236 297
692 411
688 101
414 706
607 596
420 765
554 373
349 554
82 236
749 603
803 925
671 733
466 307
81 497
755 379
672 311
717 596
476 563
366 99
531 378
306 803
344 81
297 36
581 323
714 219
264 967
723 798
63 904
933 393
111 500
297 490
806 429
578 670
374 267
511 32
995 894
52 907
247 340
223 466
30 516
786 961
951 277
295 97
642 698
885 333
864 245
243 687
350 92
289 795
682 107
317 127
342 123
312 386
662 863
361 517
944 511
47 538
916 200
81 931
334 550
740 818
711 18
91 330
677 674
280 971
857 68
337 760
655 847
882 710
457 986
805 162
384 626
259 61
340 462
910 303
199 869
320 176
318 137
36 996
390 726
178 701
588 30
204 190
924 569
777 488
173 815
597 853
805 493
127 27
585 957
300 129
365 163
247 155
327 349
305 613
426 787
285 183
30 869
913 583
280 141
938 646
268 336
548 309
396 57
50 151
551 229
860 644
798 974
711 209
44 725
965 45
34 394
368 423
403 223
440 882
526 979
681 653
417 664
341 387
754 164
80 719
771 351
352 18
8 743
801 452
963 483
69 832
835 323
369 131
200 94
538 983
627 825
27 906
866 820
453 191
318 144
707 607
598 281
80 724
375 241
169 983
337 480
41 183
563 301
306 521
764 899
411 819
230 260
648 695
840 331
590 381
812 30
135 859
8 988
709 690
317 548
467 164
242 495
185 123
558 992
23 364
560 851
875 261
716 239
501 73
890 306
709 822
47 737
720 187
715 914
603 756
41 493
873 440
747 590
307 565
375 981
516 216
953 744
742 615
428 276
283 182
50 925
525 285
717 691
904 646
5 551
719 647
304 742
839 119
479 660
814 47
278 209
916 211
714 371
145 53
765 110
54 405
893 34
73 975
102 700
878 639
366 743
803 291
556 592
225 168
970 872
693 844
529 930
745 383
325 950
682 378
229 644
132 406
251 496
110 553
346 688
293 245
59 722
96 312
157 907
65 219
628 601
620 128
21 127
421 544
102 896
290 167
973 755
657 399
170 463
665 39
785 427
824 898
54 935
330 598
443 707
883 918
380 970
47 41
434 303
266 512
330 588
882 771
213 255
759 900
609 272
929 103
219 706
67 958
300 102
929 219
236 447
49 759
630 593
429 923
98 252
403 18
744 230
721 839
275 365
852 104
583 692
11 977
601 700
719 225
950 947
635 602
697 393
114 824
612 496
532 433
15 894
257 103
217 909
258 502
829 139
767 330
111 125
504 376
154 274
630 874
11 403
593 522
458 459
424 697
923 952
263 623
840 456
12 554
349 987
533 438
280 979
532 307
14 681
793 220
832 156
455 484
439 689
873 984
983 530
833 867
369 939
580 163
610 142
572 408
240 567
194 642
817 758
637 808
89 812
408 770
237 210
58 417
35 251
439 627
770 574
689 710
945 216
57 611
375 876
456 529
778 759
329 22
434 416
691 16
86 237
944 987
647 355
535 828
458 383
862 180
440 646
739 971
804 254
394 248
268 240
411 774
457 617
579 16
926 421
176 684
58 259
581 647
918 944
991 578
249 30
120 125
629 228
834 783
866 414
361 308
430 836
311 644
433 89
147 621
622 534
443 875
921 795
967 307
545 6
98 799
784 574
851 422
594 682
87 955
40 343
419 461
818 264
229 388
780 377
859 242
491 151
54 17
524 893
18 351
760 495
764 115
375 824
591 756
21 111
873 366
409 287
941 751
123 508
418 304
87 299
112 260
986 112
53 817
385 654
35 24
333 955
120 197
11 579
865 192
550 356
688 324
745 709
516 651
763 361
661 219
289 418
5 404
237 805
387 350
390 416
972 708
364 257
513 819
491 621
549 754
327 861
588 450
825 190
796 258
514 616
433 454
72 569
303 38
360 314
491 238
460 303
441 22
317 123
885 456
129 945
190 484
339 76
250 944
673 773
279 92
347 689
205 275
780 998
448 812
130 87
76 733
307 451
480 182
770 830
918 926
661 260
554 827
331 997
579 712
900 204
380 834
997 399
840 923
706 169
986 333
583 618
491 483
245 485
640 712
520 109
984 479
559 317
998 208
976 804
530 241
86 49
538 474
97 251
500 443
963 188
271 936
329 335
286 864
347 788
335 498
788 66
128 557
659 590
163 556
609 854
390 933
233 447
352 378
921 186
932 460
759 468
511 689
241 404
870 176
3 370
313 867
174 437
220 593
961 915
361 255
300 859
368 119
100 949
245 791
835 5
545 276
995 141
134 615
341 654
841 874
418 282
472 368
563 803
810 119
837 186
706 112
498 56
347 517
733 332
268 871
423 549
600 29
154 929
204 294
442 339
855 925
892 185
621 427
843 640
994 181
276 6
294 397
956 927
408 299
909 384
104 670
802 117
690 805
667 330
937 452
282 751
703 543
871 559
881 778
584 686
23 445
54 141
763 173
520 970
658 955
341 260
492 266
967 185
187 584
455 910
657 244
584 927
350 989
949 67
916 494
253 241
412 933
154 403
352 117
173 702
507 656
127 764
576 157
180 616
728 773
961 722
97 728
751 974
434 342
485 193
324 507
603 565
815 526
433 322
870 106
713 494
112 404
510 22
681 851
196 384
469 399
989 500
148 112
555 432
346 537
252 850
232 548
741 87
364 772
149 102
726 148
586 545
995 686
950 991
152 960
237 71
466 138
531 67
652 338
75 190
597 531
394 909
115 617
37 596
647 548
21 282
827 236
727 725
292 545
740 60
2 10
722 978
146 851
261 774
61 122
909 63
679 611
568 167
992 198
347 111
41 205
126 991
523 17
644 562
405 366
506 861
401 504
520 867
726 239
133 669
696 438
626 163
609 836
479 3
98 762
447 225
421 246
851 759
978 997
590 741
358 585
504 85
422 564
521 942
649 581
404 459
703 475
586 612
517 195
716 296
628 340
59 91
554 997
39 41
656 728
132 890
985 65
958 554
250 352
749 264
726 87
397 943
356 525
21 717
577 475
281 256
845 433
594 238
389 712
759 426
67 520
131 764
222 841
252 971
507 495
617 77
437 64
530 960
580 606
78 650
372 556
602 624
929 315
795 430
76 875
546 530
790 206
709 910
648 752
25 463
389 47
694 297
196 692
393 879
627 786
649 687
428 142
429 384
313 816
646 314
99 393
775 720
558 494
513 135
362 642
29 226
939 621
584 872
939 851
771 95
748 490
831 103
111 453
830 330
589 682
466 52
927 921
739 801
921 342
644 516
455 194
61 443
750 189
115 254
612 943
612 39
828 589
171 132
465 237
676 992
864 579
850 660
140 943
301 614
103 466
152 845
153 834
592 719
186 435
591 326
788 735
20 870
276 578
796 323
145 520
998 555
632 36
728 870
570 123
217 674
874 28
252 272
370 571
266 775
354 855
256 55
848 574
581 47
572 72
129 186
24 295
852 487
982 434
441 196
870 9
521 195
14 135
674 804
755 919
476 801
437 228
962 536
25 491
659 729
609 735
511 598
984 206
716 220
986 630
986 104
312 237
377 635
318 66
700 260
338 491
966 69
901 668
266 202
244 502
117 881
108 664
386 204
772 614
203 572
729 314
107 272
250 895
396 615
995 484
312 380
813 243
69 509
784 4
835 137
411 827
666 924
522 335
898 759
434 189
121 595
996 236
945 345
890 557
68 394
837 343
100 903
391 823
575 331
793 824
963 123
763 275
24 721
964 686
702 114
83 440
233 300
470 330
508 771
180 413
571 67
501 425
200 361
933 85
130 439
946 972
621 251
671 718
822 920
477 750
102 642
637 966
423 295
386 635
895 183
206 527
168 972
540 938
320 486
680 346
15 813
973 839
310 886
630 964
193 175
562 647
996 506
301 108
373 336
66 489
159 455
373 611
448 819
996 114
154 319
541 478
91 750
25 363
724 848
868 44
688 339
123 73
753 138
71 506
344 581
908 661
585 658
335 422
424 657
287 341
682 164
128 310
847 90
990 137
888 495
144 365
343 298
759 168
346 723
703 360
317 625
202 348
147 684
723 357
242 129
469 601
457 793
480 545
783 348
634 724
579 305
491 71
845 932
508 691
758 723
384 463
329 277
868 434
379 631
2 71
432 459
322 446
171 169
798 683
340 981
704 2
324 49
15 745
987 783
33 105
692 385
190 124
274 48
189 773
858 730
97 268
6 366
922 25
734 852
965 349
330 302
804 716
601 608
247 579
132 661
439 188
941 878
742 824
641 261
746 654
335 772
390 615
875 169
314 243
438 734
292 425
15 679
151 247
393 109
399 252
816 647
788 444
434 593
414 683
532 923
542 800
525 865
235 375
377 991
182 298
702 620
265 926
7 555
557 992
798 634
418 199
487 689
166 508
133 946
343 253
769 920
82 806
525 133
512 37
432 361
215 102
635 145
135 335
972 797
138 145
774 79
511 596
420 807
269 906
452 266
157 386
765 370
576 511
449 13
440 886
613 289
184 824
827 247
190 869
209 941
62 695
18 424
942 513
609 349
371 587
708 777
627 655
135 928
33 829
35 36
425 611
35 68
181 622
733 61
929 364
636 217
988 867
280 553
768 390
430 409
887 326
908 631
254 769
547 95
15 662
885 469
441 994
318 677
578 77
510 516
357 997
279 683
129 674
974 921
459 636
79 233
513 956
783 746
50 818
492 322
233 495
397 177
355 768
201 879
714 217
786 997
554 965
491 944
394 464
287 955
592 190
407 850
180 328
546 634
236 28
424 407
792 388
950 448
506 10
284 113
177 583
296 226
795 483
93 399
85 174
506 625
8 982
659 74
380 544
143 421
598 347
103 625
337 898
495 117
181 18
448 621
441 341
539 675
603 234
104 772
558 704
303 527
196 948
723 603
537 690
596 933
381 194
427 683
520 137
860 834
533 854
24 667
104 699
492 321
922 697
506 989
333 658
770 126
608 480
288 50
567 605
501 198
836 22
306 428
900 384
744 494
379 791
546 919
583 830
138 583
560 839
646 422
344 968
699 427
970 647
418 399
183 734
231 998
115 157
276 54
742 980
234 382
36 927
666 468
119 367
247 338
54 718
348 760
192 295
618 518
996 260
248 641
497 841
341 891
661 380
274 23
273 129
33 477
831 97
616 235
899 185
333 996
0 989
259 189
716 16
833 731
804 317
453 97
894 475
741 601
217 355
120 670
862 309
624 393
214 604
59 912
460 494
6 273
230 547
218 284
113 792
353 872
781 646
980 982
706 371
450 200
219 150
586 451
776 672
56 34
626 975
352 750
404 325
740 16
777 879
535 893
333 727
302 430
521 30
816 952
297 999
74 772
69 801
900 579
554 188
799 226
743 686
368 714
721 755
476 52
834 227
8 805
469 190
62 461
93 502
851 123
888 152
793 811
878 640
999 831
323 869
206 579
930 921
476 669
860 837
553 752
208 929
461 4
91 194
930 553
941 453
723 716
465 906
828 988
24 160
728 742
531 94
504 96
77 170
448 927
773 789
355 913
289 588
155 954
363 289
630 231
37 601
68 870
865 419
938 166
167 647
911 766
623 499
27 220
877 88
973 716
237 408
641 352
356 902
809 445
3 938
812 295
968 512
346 774
742 213
465 356
630 666
856 298
109 927
870 136
538 635
48 323
359 305
383 366
233 701
439 811
140 551
552 76
907 219
338 7
786 304
657 701
795 49
959 462
314 91
241 113
876 202
357 184
367 659
786 989
823 273
478 149
980 618
109 991
641 619
888 846
373 605
874 417
571 788
355 384
355 42
527 750
390 891
921 347
130 704
765 79
84 146
700 838
784 198
995 478
99 678
363 805
99 11
617 272
446 884
404 372
150 360
334 572
1 372
489 247
780 724
842 49
92 898
81 977
175 907
436 749
959 61
95 338
695 410
119 782
862 279
723 42
368 183
336 262
889 159
961 2
749 995
865 304
654 597
625 738
640 799
235 81
715 535
554 747
357 238
786 90
818 220
732 524
102 678
725 602
24 733
193 646
368 579
907 763
471 927
779 263
849 934
606 879
175 769
934 392
795 884
9 433
388 753
543 420
133 55
997 704
15 896
766 957
393 129
586 8
391 562
607 856
152 719
988 655
724 228
942 892
150 700
825 231
162 779
165 160
226 872
555 666
47 875
172 591
16 209
761 507
699 285
808 998
725 595
456 761
674 106
23 1
442 178
747 635
423 609
561 33
791 741
677 450
336 305
908 669
552 519
304 15
782 670
154 852
919 283
54 566
316 312
288 619
642 357
313 753
287 471
730 213
783 340
749 652
419 993
511 760
812 672
856 753
782 687
132 448
137 371
728 597
723 185
508 790
896 43
591 525
586 776
610 951
971 308
691 219
560 93
105 593
852 304
621 923
290 595
879 911
740 794
869 789
441 650
422 920
632 443
152 786
702 912
510 349
415 695
437 83
834 224
792 862
813 324
504 756
952 425
784 95
560 677
855 861
955 70
532 750
313 205
928 646
420 310
98 951
949 72
943 93
275 486
470 734
360 252
264 915
92 502
976 62
262 380
535 101
789 465
346 801
395 795
628 1
260 367
62 904
786 161
423 802
583 406
535 82
906 630
805 647
533 606
411 109
787 175
672 464
471 985
327 837
610 684
149 467
115 937
693 345
218 808
80 252
496 160
646 343
692 781
987 996
560 951
157 495
142 943
514 253
833 514
167 849
709 314
571 439
945 43
199 49
717 269
372 502
522 198
996 893
378 574
955 141
708 448
905 77
339 762
659 596
905 502
129 241
569 265
480 987
63 945
70 864
664 298
53 649
381 188
547 358
506 942
352 533
530 95
737 949
663 93
297 841
237 456
482 666
252 108
474 933
370 746
233 115
6 239
671 321
538 392
99 440
596 591
146 218
