100 500
66 29
63 7
89 51
15 59
16 89
1 45
14 28
4 91
77 4
36 53
50 86
27 19
22 80
69 40
73 34
86 74
75 46
67 63
27 69
86 13
96 68
66 37
38 8
39 61
93 76
93 45
22 67
56 40
91 20
89 49
18 38
85 37
6 34
8 11
55 84
83 4
69 77
57 81
77 36
76 46
39 58
30 18
41 50
84 3
1 27
16 77
40 34
65 53
18 21
77 20
28 3
18 37
56 80
53 41
44 88
36 38
38 14
25 29
10 79
16 57
44 53
69 68
87 8
84 9
58 30
45 47
2 68
62 84
90 52
81 97
71 92
73 49
12 0
89 62
22 74
61 83
56 25
3 96
32 29
12 14
98 26
35 73
27 10
81 76
3 78
96 70
70 80
50 74
59 22
48 39
33 27
15 94
34 91
51 45
32 61
73 94
89 88
56 81
6 63
78 74
6 31
60 12
52 1
75 60
93 89
31 0
35 50
68 38
38 22
44 43
34 10
50 85
22 30
28 93
65 39
46 22
58 10
31 37
67 85
54 60
72 63
86 43
6 19
37 51
83 97
33 5
95 55
93 51
0 74
9 18
70 97
15 57
10 2
92 15
72 10
38 35
21 11
16 3
4 21
46 68
15 39
60 8
8 71
8 66
72 40
99 85
30 71
36 12
33 42
96 79
13 16
97 71
34 5
39 90
49 94
78 2
9 44
52 20
46 77
26 70
19 46
52 39
5 30
66 73
98 80
4 51
57 36
13 89
14 1
51 32
99 33
59 96
48 77
36 68
56 12
75 52
22 92
38 89
40 33
9 45
42 96
78 62
79 35
20 59
86 9
56 65
71 76
85 77
78 58
87 29
83 59
68 63
69 16
23 86
76 85
95 92
69 25
36 83
69 92
69 63
83 90
33 34
69 9
69 71
22 47
69 12
21 58
28 4
35 77
12 82
84 5
76 91
33 47
35 66
31 12
91 70
27 78
74 64
88 60
0 5
41 77
14 86
87 55
0 44
65 25
91 25
62 38
56 99
23 10
85 25
76 24
59 45
45 92
30 46
71 32
75 70
1 6
37 82
74 54
11 7
64 44
42 58
18 73
3 70
98 30
94 78
94 42
9 54
51 58
72 47
69 3
30 50
33 85
48 43
1 85
97 53
18 1
45 81
10 16
7 44
34 36
10 93
42 56
8 39
60 58
14 81
78 90
91 66
15 43
86 91
12 93
60 85
57 71
90 8
72 19
67 86
56 59
56 18
40 89
49 35
47 0
46 56
15 11
53 38
14 11
67 23
85 27
27 12
88 59
44 55
98 58
53 24
43 71
73 78
82 76
8 50
23 59
74 96
50 27
80 2
79 14
69 39
37 98
71 29
50 88
64 27
14 40
67 60
97 6
82 99
55 70
93 37
0 75
39 25
49 7
30 72
32 46
39 22
27 89
47 52
0 85
88 41
53 25
0 43
13 85
90 24
94 36
29 4
99 86
2 72
28 6
12 90
60 4
36 23
47 57
82 46
80 52
79 89
86 97
87 58
84 51
42 68
79 2
83 92
67 83
9 23
72 37
55 94
80 54
94 33
29 11
72 75
31 87
67 16
85 68
98 4
83 29
6 98
76 19
43 94
94 79
21 61
46 10
82 0
6 86
2 14
11 91
62 65
11 96
13 7
4 85
95 33
86 68
64 35
3 41
31 53
53 14
5 95
2 18
23 33
79 77
83 33
25 86
35 63
37 48
23 70
25 17
14 84
46 38
68 97
45 99
80 49
17 59
29 42
41 91
42 65
71 89
20 7
79 76
94 76
88 16
42 2
29 56
86 24
18 91
61 48
85 96
82 51
22 5
22 40
21 33
16 99
62 41
51 40
73 74
81 10
31 92
62 91
31 86
34 1
41 96
88 1
47 46
45 23
60 61
22 8
26 12
71 51
12 20
94 63
48 30
55 3
81 58
86 2
13 3
57 54
2 31
19 29
47 10
9 75
26 29
4 27
43 31
7 9
41 6
79 48
48 33
10 41
5 28
26 82
52 9
93 83
48 2
65 33
64 19
91 63
11 9
88 64
10 50
80 92
54 73
15 27
8 36
16 51
32 40
44 87
88 53
26 78
61 73
60 2
35 81
44 31
48 97
77 93
86 78
35 82
73 93
37 70
98 17
77 42
62 45
13 28
7 98
79 82
46 42
17 54
65 47
21 17
4 78
68 73
53 34
16 59
9 63
15 89
58 79
88 80
82 66
5 62
19 13
10 66
