1000 10000
425 747
394 769
435 837
782 45
860 116
149 514
63 794
41 816
993 400
771 552
314 655
801 161
800 300
340 917
273 783
99 226
219 320
807 312
273 480
209 884
180 54
351 671
341 621
804 390
772 628
244 627
452 281
420 943
485 900
72 596
919 151
364 243
239 815
535 506
207 790
690 994
646 249
708 295
342 653
769 168
650 389
541 490
801 535
256 866
702 577
114 616
891 404
959 216
362 954
139 638
107 726
725 59
510 754
811 9
182 228
449 296
130 939
746 249
800 320
192 214
324 374
261 109
980 190
878 454
772 271
77 460
113 710
212 320
908 236
469 78
225 850
93 865
6 580
186 174
73 49
774 920
80 591
827 193
89 417
485 203
550 722
936 357
672 507
517 368
701 74
696 970
554 493
266 359
606 131
328 555
591 110
754 70
297 877
743 287
906 668
512 959
242 311
116 664
939 679
948 604
519 832
641 306
931 157
754 522
941 953
420 577
381 3
454 424
164 675
707 495
505 320
282 6
255 428
826 907
775 231
546 959
33 332
635 668
869 191
226 283
71 466
213 186
428 302
435 536
600 137
487 27
257 572
235 625
52 585
70 153
689 218
39 777
703 377
703 241
674 468
648 116
54 893
467 933
968 548
529 978
792 347
609 847
725 911
650 583
81 779
242 903
867 237
166 378
630 275
959 841
139 245
157 222
874 340
390 617
124 538
859 996
249 783
473 239
769 962
881 261
607 763
637 295
44 697
409 880
160 368
102 586
458 753
877 189
990 296
852 716
829 216
410 94
3 497
602 299
939 616
857 319
627 28
864 152
114 832
705 955
833 563
275 41
468 993
373 633
988 627
116 392
859 526
449 897
146 921
75 280
264 303
66 617
867 279
546 788
746 359
371 50
56 973
38 175
494 36
514 934
185 214
593 216
162 542
570 91
716 45
361 162
940 999
620 362
685 575
468 651
601 80
625 814
139 791
760 517
799 946
189 980
142 154
931 146
276 119
456 995
183 155
599 572
159 789
484 160
968 246
12 565
137 334
379 393
702 659
240 746
41 632
149 280
33 866
364 878
522 430
773 836
493 277
698 442
603 241
758 341
962 78
361 10
264 122
794 555
74 867
649 987
881 76
81 171
296 893
316 789
89 318
44 950
900 425
929 686
14 936
561 195
944 619
418 488
672 135
884 549
231 917
782 837
592 341
745 110
533 570
181 497
123 241
567 675
457 726
322 922
717 497
252 216
321 776
489 939
589 976
471 817
154 525
762 991
402 411
444 728
201 49
935 724
546 186
802 533
327 8
803 670
215 160
213 543
123 301
227 120
404 874
429 209
273 357
237 316
849 53
259 751
369 686
505 125
880 504
973 817
373 69
303 422
121 963
821 258
214 87
895 958
919 70
286 269
821 861
77 5
33 436
192 781
945 420
895 973
293 414
447 645
19 411
669 224
641 804
989 303
364 507
469 440
479 857
667 429
821 648
68 461
533 518
296 366
561 657
430 950
682 758
966 244
848 390
350 587
511 335
676 76
582 402
520 340
100 115
608 922
738 316
492 836
391 230
645 966
635 298
20 619
623 969
80 500
212 409
546 374
825 652
965 210
279 90
516 899
362 448
931 312
417 287
749 451
373 609
210 576
896 762
200 257
771 21
849 248
823 761
11 414
1 630
490 731
276 760
121 278
77 353
217 501
820 332
415 738
756 163
315 834
496 252
234 719
553 251
253 942
850 172
478 377
424 791
278 179
635 355
406 952
65 812
12 506
829 368
984 763
25 247
508 772
321 18
877 142
846 30
507 215
252 867
985 867
96 730
854 377
904 647
646 359
346 279
326 372
883 393
334 904
756 144
611 207
77 389
857 244
599 501
250 517
415 919
404 964
302 191
58 646
285 187
200 407
814 957
296 454
464 695
761 601
394 309
491 906
79 538
772 565
898 982
265 26
772 862
591 192
898 755
654 423
629 914
294 66
162 722
665 102
532 100
95 606
356 921
446 641
493 509
421 475
892 504
936 229
946 299
476 17
422 23
65 516
32 3
960 33
0 798
650 993
822 118
282 934
744 78
896 486
808 247
441 842
77 920
360 433
891 39
149 455
138 751
331 455
977 158
100 525
381 816
618 146
696 664
744 457
44 94
86 269
365 712
4 527
63 642
431 28
738 110
505 236
358 828
870 364
903 337
299 894
756 747
115 251
640 80
410 800
528 331
912 828
189 513
953 96
65 463
930 415
380 402
500 442
928 31
464 854
767 852
106 840
999 624
957 331
21 701
800 63
160 329
565 969
578 332
94 854
67 595
196 297
815 507
236 131
625 109
308 823
543 219
110 209
423 227
956 497
413 455
765 758
219 41
781 269
952 426
177 599
777 767
239 606
364 428
870 450
633 392
261 769
0 56
595 641
636 897
936 451
446 98
610 352
983 593
125 88
907 353
513 959
16 883
324 98
827 968
423 736
303 222
886 319
102 56
473 588
856 458
791 307
475 735
138 373
789 478
115 11
113 398
9 516
643 727
320 563
283 578
952 416
359 342
251 94
568 310
326 727
2 614
450 37
578 77
847 572
974 604
855 762
27 95
12 486
360 193
490 827
862 709
894 303
659 871
561 849
241 37
125 241
5 78
788 352
905 622
214 475
371 609
868 195
640 835
104 272
266 816
32 761
137 755
671 604
866 752
216 427
22 552
528 82
874 631
321 320
774 260
747 398
428 647
938 287
262 803
169 17
22 575
85 994
438 426
881 997
93 411
368 786
207 537
655 854
711 523
379 543
166 713
244 497
870 861
902 701
530 7
985 253
500 860
68 531
395 615
985 884
12 67
770 584
906 277
389 981
11 356
718 129
664 907
765 900
286 407
196 844
230 692
632 330
684 447
785 907
133 365
695 117
930 552
108 355
539 225
972 928
974 292
108 215
980 292
859 963
718 587
729 827
322 285
510 542
861 169
433 573
662 273
473 193
910 796
287 949
954 899
362 366
481 218
888 145
946 711
889 634
717 263
745 793
367 748
790 26
248 812
741 372
877 454
553 493
179 599
871 125
653 542
545 892
407 317
948 518
299 683
526 755
360 121
161 254
292 995
104 248
617 695
739 654
607 267
935 289
174 949
369 400
885 1
40 606
185 164
24 164
270 257
819 569
572 56
681 974
826 518
69 394
489 950
414 473
319 521
50 517
333 71
256 38
901 218
318 461
516 399
132 548
463 195
195 475
147 622
661 28
914 615
932 688
234 661
495 391
249 778
936 631
118 16
921 846
722 232
67 958
103 542
117 866
463 417
559 789
55 827
704 529
805 809
931 204
813 898
364 777
445 362
771 578
877 475
745 520
561 236
252 794
50 107
105 136
240 447
141 740
5 27
217 47
112 761
449 873
173 367
589 105
481 779
878 215
80 419
661 851
430 85
390 302
653 714
505 233
115 300
270 495
764 797
984 933
695 743
979 320
614 559
24 350
961 839
837 498
919 448
916 274
33 778
49 952
587 584
577 500
10 343
737 894
726 58
99 340
221 413
763 386
52 974
286 32
498 889
459 114
36 810
141 892
693 495
561 440
31 41
843 47
438 535
541 513
220 107
40 594
919 606
235 109
200 293
41 729
200 238
43 955
10 321
78 294
237 465
856 50
406 686
644 558
768 662
663 625
110 315
863 811
742 503
682 764
214 521
70 607
850 944
328 943
93 241
863 757
629 788
494 778
703 468
17 272
48 119
539 966
306 909
716 515
133 492
201 101
259 873
987 763
188 111
144 657
910 698
577 466
941 980
394 119
993 174
942 796
984 192
785 369
355 710
407 384
220 763
317 885
835 227
922 732
429 347
555 452
826 94
533 232
3 139
367 281
469 776
47 359
698 853
539 99
375 89
193 995
856 783
633 826
845 58
904 774
219 377
614 803
989 181
996 672
880 715
17 946
781 620
18 317
720 221
386 458
557 362
274 158
113 268
681 146
971 714
23 188
12 389
889 373
706 331
85 319
932 935
619 894
869 331
993 51
160 815
629 95
782 113
473 462
951 368
355 519
121 512
152 890
276 350
17 930
648 798
699 749
759 563
340 120
481 766
940 714
867 260
538 212
699 953
742 552
243 40
281 623
66 119
969 107
523 217
563 49
643 152
9 0
516 484
537 474
536 106
385 290
292 975
502 120
761 880
938 546
962 565
921 315
995 59
289 535
214 209
292 489
807 347
393 961
161 88
976 727
806 280
250 131
264 415
826 775
219 579
238 963
977 130
463 167
983 748
175 427
974 104
298 321
326 218
474 656
955 791
501 24
540 750
160 401
148 72
835 34
759 499
317 92
105 515
549 230
176 489
359 220
390 880
782 278
581 128
430 746
420 580
23 101
836 476
635 831
974 477
378 344
825 967
836 808
26 648
51 126
273 217
735 459
919 763
383 515
246 299
168 808
221 189
443 203
917 590
245 107
210 360
113 996
964 333
937 442
735 534
638 939
209 825
912 665
130 387
404 80
57 172
126 602
315 514
767 204
769 466
821 871
465 59
59 743
418 90
390 190
816 844
607 349
102 479
899 596
423 28
248 464
678 417
612 100
317 791
722 246
496 755
208 301
643 433
450 759
964 224
726 763
483 759
423 998
334 313
771 915
137 116
627 536
1 813
436 847
393 910
961 663
952 962
383 881
88 102
665 15
926 228
61 419
260 404
780 466
330 179
986 371
315 972
212 426
920 725
809 504
889 620
86 154
116 597
488 367
597 602
457 768
67 589
782 898
283 851
782 193
336 819
65 194
854 13
456 382
111 209
527 46
28 80
266 606
481 834
217 66
529 928
181 296
296 692
268 659
602 428
332 245
698 907
463 697
554 46
583 946
379 791
948 404
709 56
973 696
314 551
911 43
617 365
220 963
940 216
162 986
365 43
841 941
663 319
417 7
364 1
12 505
250 923
96 606
367 745
173 848
79 454
11 221
127 297
84 368
74 123
582 170
815 360
319 686
291 150
515 653
397 154
739 142
183 128
352 136
918 685
767 588
196 467
711 147
373 595
675 774
827 867
591 809
616 563
328 951
801 616
349 774
379 762
541 591
72 645
2 970
974 713
765 300
573 850
716 855
891 634
101 131
914 441
893 854
454 604
407 554
715 926
137 458
764 677
170 60
461 889
775 473
123 240
362 290
871 74
301 117
190 848
941 117
637 162
734 786
366 314
455 318
176 907
927 548
548 143
389 205
801 113
58 793
557 252
172 717
597 81
40 39
622 755
904 862
577 963
687 451
846 419
391 775
768 754
542 677
719 460
299 557
266 496
738 243
50 324
703 556
10 995
29 629
3 137
468 137
378 671
174 169
379 451
130 455
550 439
691 418
555 961
456 675
402 34
149 179
935 981
427 898
480 557
593 456
14 33
575 457
857 27
708 700
275 552
794 451
694 315
925 498
486 857
543 96
688 183
654 864
922 319
583 319
928 547
675 366
447 946
163 499
274 631
502 99
494 42
917 109
75 833
866 636
831 642
99 982
368 290
362 479
233 502
918 713
863 374
659 626
938 107
726 104
43 520
841 317
810 171
556 99
8 728
991 871
49 868
513 878
557 889
123 93
729 396
47 950
69 205
991 869
200 263
415 287
351 296
101 606
355 243
651 383
402 909
612 864
300 409
908 794
20 678
571 529
983 382
583 808
277 595
685 18
90 259
808 911
85 401
33 134
675 548
885 186
550 525
584 927
831 607
531 274
668 462
798 474
604 900
623 15
283 613
582 512
703 40
852 891
347 7
857 849
253 225
596 274
355 769
202 475
100 831
684 450
7 23
892 285
164 739
675 305
450 527
397 82
598 968
767 997
920 392
624 939
761 528
78 784
573 207
155 86
702 268
929 285
696 151
467 48
905 698
847 410
208 529
251 455
869 227
402 695
118 179
998 825
441 695
143 488
400 600
710 294
491 396
657 813
29 49
599 797
650 610
430 229
297 766
538 608
734 782
201 600
133 984
743 677
194 460
178 913
553 325
705 804
26 816
769 528
4 737
370 417
380 874
139 470
292 839
77 26
459 859
178 434
815 747
780 913
346 236
754 566
280 568
69 820
517 543
169 986
267 493
833 131
677 85
625 446
250 309
542 348
299 411
565 125
244 559
565 39
68 436
199 928
912 624
441 548
298 303
493 949
935 166
931 948
43 398
632 176
604 891
38 57
793 113
332 756
294 95
271 884
100 862
417 820
521 956
284 323
885 418
229 205
683 259
759 649
33 495
440 807
615 105
72 365
610 959
780 371
60 91
857 252
922 659
702 47
465 61
775 799
923 16
116 615
87 501
889 724
320 370
365 768
477 405
164 628
283 867
46 163
152 112
654 972
930 157
790 687
168 786
896 195
192 585
575 254
638 314
160 496
417 51
336 573
625 877
211 248
822 562
894 637
541 662
778 612
78 180
426 888
292 805
411 252
111 594
214 741
165 485
263 884
73 909
328 16
47 134
708 756
156 38
487 839
275 24
540 122
456 480
281 399
451 323
23 730
531 552
19 373
360 589
724 351
741 885
832 969
667 44
612 348
620 819
36 406
131 467
328 217
989 991
763 900
223 498
50 424
86 633
102 258
309 718
598 686
127 537
564 977
930 890
890 969
295 914
4 106
257 875
381 528
436 223
330 566
837 773
721 284
23 469
853 5
590 16
600 232
660 484
729 424
166 433
645 783
353 793
898 338
258 339
216 512
316 565
905 970
206 886
212 838
900 810
759 662
178 566
722 173
230 533
785 672
396 266
539 894
952 264
523 512
759 667
344 932
116 207
757 205
843 272
586 325
171 955
450 841
291 325
461 48
962 345
157 895
567 343
858 925
330 49
383 462
204 682
947 7
52 107
111 704
248 368
595 930
562 217
856 401
97 301
627 323
570 310
182 53
958 959
537 517
377 256
690 648
623 654
191 133
339 324
140 590
874 825
734 139
407 512
536 941
330 944
128 461
104 443
630 274
787 790
365 41
82 492
249 632
114 260
950 531
634 757
167 547
264 621
772 443
394 469
731 945
636 484
820 29
293 974
661 254
756 842
579 81
855 990
216 734
222 422
137 803
821 495
593 963
348 356
201 536
649 994
669 462
231 811
875 748
279 650
278 963
657 413
237 930
646 835
900 545
367 634
172 968
63 120
32 34
692 317
566 459
417 316
984 720
209 504
876 108
901 527
779 165
71 963
327 564
729 401
803 862
301 210
23 762
907 204
402 459
321 352
819 269
128 116
441 36
319 116
311 796
127 713
39 588
741 213
878 718
309 833
10 695
362 316
793 762
339 850
703 128
517 470
544 789
780 460
100 337
735 544
514 112
206 191
796 905
299 665
351 508
838 63
644 688
315 370
606 568
847 7
957 618
266 449
882 629
55 638
770 437
57 8
718 222
118 249
683 176
721 680
218 576
235 479
299 636
309 150
108 265
664 446
445 844
447 308
116 660
343 844
171 92
376 187
200 733
737 404
252 304
822 674
730 528
194 628
160 294
43 554
170 574
523 603
997 643
495 758
622 795
428 175
265 38
613 867
218 842
518 429
623 438
61 457
206 831
373 629
585 553
921 887
416 999
960 564
318 23
991 623
90 824
803 120
771 605
715 112
977 789
668 950
901 247
807 59
529 302
110 340
459 906
632 72
187 607
574 630
672 726
731 64
266 753
686 553
162 395
827 367
574 338
188 749
688 305
324 269
958 315
890 505
941 777
318 29
821 297
543 407
415 552
66 964
340 85
649 871
250 298
553 783
190 464
638 496
795 382
187 639
870 430
175 689
499 173
946 567
683 541
460 744
393 301
722 207
890 194
926 39
855 306
287 205
842 87
416 432
330 262
987 810
854 96
720 434
379 787
169 182
634 144
573 338
93 72
823 121
452 189
48 207
439 446
730 151
741 932
255 284
412 646
903 60
212 651
581 940
953 919
92 143
780 301
688 953
773 248
628 532
305 542
991 15
284 484
73 591
649 672
992 354
378 796
810 738
726 515
524 656
728 566
710 920
954 393
203 193
276 928
143 568
530 343
583 910
658 488
532 608
881 858
135 234
109 955
163 63
931 927
247 227
494 367
108 418
740 878
832 461
295 530
66 707
872 907
726 840
429 999
652 282
270 745
274 349
198 560
738 248
608 706
630 706
233 341
429 986
174 293
499 740
971 533
513 287
824 171
49 834
26 743
240 33
54 100
668 167
86 968
339 719
839 341
423 564
337 354
184 976
197 454
838 565
464 594
860 958
762 475
496 597
847 552
678 777
795 312
362 136
742 156
916 961
358 96
458 687
470 862
321 527
654 420
941 790
424 35
821 90
568 130
997 966
898 342
935 123
540 345
576 821
919 374
476 529
418 853
32 298
66 259
591 821
809 469
51 95
883 796
605 194
538 449
487 353
936 510
492 832
347 666
379 701
979 74
345 40
688 886
989 293
614 996
147 459
565 304
417 206
684 292
675 665
694 847
377 72
385 343
322 714
889 265
239 394
414 32
454 293
557 721
742 210
561 741
592 934
857 939
403 879
465 375
650 704
229 517
378 607
335 55
915 518
94 164
800 872
834 59
929 221
599 161
533 581
721 173
223 13
69 902
589 742
262 716
968 854
545 913
184 105
372 801
551 929
384 196
949 904
959 925
598 195
918 402
25 833
704 337
647 101
712 629
591 765
112 557
9 629
677 102
293 208
276 491
310 792
943 896
683 575
304 865
731 732
872 961
692 988
242 879
893 542
731 752
977 662
150 949
250 473
557 50
395 409
99 117
279 852
278 200
166 867
972 683
213 643
783 427
318 824
155 921
552 830
555 40
545 265
853 324
235 42
612 439
36 68
385 682
94 244
444 582
294 766
593 815
655 574
682 516
214 267
604 977
160 319
198 561
217 259
834 542
739 938
763 433
76 510
947 572
594 38
850 452
681 431
327 790
301 434
33 559
968 964
178 283
229 76
918 213
477 90
519 955
163 267
883 518
710 162
742 201
96 93
63 675
229 757
499 275
725 319
675 476
876 51
157 159
397 121
305 197
168 474
355 916
123 454
663 853
510 984
305 824
30 389
895 148
302 221
50 863
487 62
630 481
344 694
507 32
934 537
964 682
312 872
628 524
431 520
723 369
448 636
361 465
432 543
93 468
321 141
555 257
18 335
83 465
623 469
625 201
963 285
969 103
156 399
240 470
455 111
781 74
90 840
105 221
731 546
307 470
756 693
439 261
656 372
704 930
411 685
139 222
300 713
863 63
184 716
968 213
422 837
969 957
887 642
509 28
896 951
802 56
707 599
802 735
251 991
211 417
4 564
140 913
67 176
337 667
186 736
882 993
845 831
883 234
607 160
0 764
131 662
720 834
157 758
749 952
695 31
956 842
348 622
430 203
705 677
148 634
220 356
975 807
430 977
112 575
706 723
662 926
140 735
168 67
293 772
443 84
539 222
942 31
763 710
330 362
689 530
73 339
986 329
239 601
910 287
583 538
879 548
423 295
353 797
310 724
934 157
269 946
161 183
228 223
571 643
186 829
501 505
494 717
495 289
744 784
916 376
934 898
508 238
105 844
548 337
355 76
96 248
676 806
485 12
260 118
675 84
452 254
472 124
272 988
153 462
88 867
981 845
342 445
269 873
701 916
284 865
813 700
776 897
420 18
529 477
546 707
140 796
45 988
169 856
954 678
768 569
960 327
662 456
830 620
712 146
790 130
165 131
197 85
833 50
978 8
345 336
694 601
419 807
125 906
411 50
699 912
752 868
782 107
192 527
329 300
240 695
576 64
523 696
472 55
892 741
672 397
370 935
824 333
380 234
659 734
151 945
593 428
927 392
388 926
832 323
440 895
552 955
581 696
717 987
176 373
211 457
824 27
338 476
236 101
833 290
102 940
772 949
721 413
581 465
18 772
724 749
235 783
559 977
726 916
952 319
819 903
920 479
343 962
438 44
100 857
836 69
283 362
369 698
806 716
885 349
122 141
119 554
414 360
449 955
511 191
559 490
450 515
583 774
354 136
702 56
280 105
694 920
732 232
182 370
739 433
477 387
853 983
142 849
334 401
933 303
908 55
937 452
816 483
117 655
368 450
536 856
597 576
763 464
979 529
31 590
844 357
888 279
669 149
860 844
13 116
988 964
993 763
8 418
587 379
461 513
97 396
242 163
141 5
297 56
948 7
322 430
499 911
351 281
254 658
323 412
522 659
959 405
31 865
548 703
490 662
922 71
745 98
791 981
535 286
632 152
318 35
95 48
301 179
778 975
493 955
239 676
865 579
739 370
304 59
207 963
270 164
802 620
863 542
870 510
993 755
261 419
207 810
675 969
43 945
648 65
999 657
462 646
866 593
711 552
428 241
391 290
632 271
224 471
681 617
184 545
621 930
225 882
141 970
82 72
486 820
469 256
918 49
284 86
770 850
17 396
574 355
358 315
580 2
835 315
125 971
437 569
825 428
265 476
331 409
444 609
766 173
373 843
146 9
802 312
712 445
862 242
120 782
964 608
974 575
111 997
261 459
182 798
731 531
189 79
82 989
797 939
225 986
836 607
646 70
105 211
972 87
241 908
669 282
181 830
216 849
876 366
723 271
544 545
66 228
945 432
181 183
844 784
930 162
704 21
133 225
36 974
926 582
892 777
448 286
190 859
432 806
739 289
275 652
854 685
402 672
997 590
818 208
81 237
803 685
217 40
157 941
640 705
280 994
118 175
412 558
232 719
172 885
764 59
670 480
670 54
478 992
245 474
540 644
898 559
531 727
356 306
696 431
846 801
895 64
746 291
973 969
808 568
388 122
361 365
123 170
213 861
891 56
404 18
700 298
971 933
69 676
603 92
702 958
268 628
546 210
29 428
972 298
948 935
786 0
715 565
962 835
991 454
689 0
113 994
348 259
572 125
162 691
276 298
225 781
64 10
291 756
371 431
191 528
194 46
314 228
240 818
319 97
828 504
26 260
25 273
863 699
556 339
835 834
925 582
252 954
548 673
818 156
508 718
310 219
480 79
854 322
606 28
14 512
984 609
287 585
347 224
813 349
47 440
376 456
665 51
731 587
185 623
419 252
813 509
312 997
803 687
962 457
577 213
467 701
658 708
393 897
819 134
569 139
998 839
790 863
104 335
354 107
140 170
34 829
483 582
81 525
50 98
414 956
992 967
717 932
445 149
671 113
907 716
647 548
583 250
924 310
782 12
854 368
318 752
40 551
967 645
133 841
147 40
355 672
956 402
419 393
780 51
110 650
730 853
580 248
390 197
166 344
951 95
50 800
259 91
457 589
68 973
215 146
828 958
888 181
671 437
824 278
760 825
971 948
369 870
450 29
411 791
365 259
69 515
423 920
434 763
881 542
783 433
479 430
569 770
253 219
580 756
590 230
772 176
898 993
318 53
2 83
347 314
300 65
185 579
689 167
275 400
340 655
320 567
977 563
340 42
912 683
435 230
204 459
553 584
428 739
816 259
734 437
276 633
610 753
429 907
472 139
181 619
738 806
467 597
738 72
281 893
323 948
442 802
637 261
820 156
501 749
57 507
199 535
478 185
474 589
900 421
37 699
27 169
72 203
434 103
473 732
771 284
338 309
993 199
843 956
98 636
881 455
364 361
501 285
898 903
372 724
848 446
666 785
928 223
338 636
725 493
683 841
839 335
520 735
307 692
78 920
501 866
233 430
244 646
945 504
611 23
972 82
518 522
915 600
193 939
512 586
865 663
105 755
220 280
498 572
199 966
87 438
842 407
350 209
616 898
673 852
688 798
84 505
111 425
760 411
263 30
785 779
309 48
669 935
47 766
485 803
207 913
429 583
498 391
149 46
186 21
780 464
153 714
816 850
723 449
676 982
667 800
650 264
112 542
553 194
541 957
694 98
856 65
382 703
973 257
3 72
805 877
660 181
718 102
852 335
221 26
266 438
719 842
752 150
427 995
48 544
240 519
639 480
611 198
980 632
777 63
604 203
90 369
944 15
154 538
516 149
49 281
324 595
608 768
114 793
562 850
312 51
907 394
720 599
641 23
494 600
482 58
155 430
659 469
190 836
949 128
833 323
632 825
365 916
553 99
982 84
9 64
719 461
912 50
497 371
861 638
482 823
272 862
465 504
472 407
833 596
298 657
525 789
577 764
594 77
88 736
565 287
115 585
886 158
68 786
84 965
974 525
155 16
577 192
700 972
837 333
398 224
504 606
787 810
144 802
675 865
578 884
813 771
425 271
555 957
947 869
38 715
84 367
387 884
46 850
910 83
629 172
502 698
769 832
126 82
379 374
317 746
934 886
487 350
822 830
154 440
743 668
683 839
933 810
852 775
91 256
439 564
821 809
417 127
32 379
861 932
615 483
274 720
986 886
237 712
62 405
218 138
714 262
381 113
887 315
820 479
25 863
258 67
81 409
475 684
905 550
253 683
599 795
413 623
155 934
571 959
725 371
65 505
182 753
828 497
933 835
902 467
532 78
563 543
388 582
570 592
449 393
592 530
720 402
633 372
879 6
387 604
658 439
362 72
359 873
314 344
61 137
998 841
161 449
50 112
960 838
421 137
547 987
935 211
757 954
459 414
181 930
873 462
624 212
824 560
510 602
527 41
809 893
615 813
127 552
468 609
96 390
977 676
491 656
731 649
26 369
215 51
614 406
490 769
954 174
585 820
987 782
616 695
371 320
320 3
563 194
371 923
513 293
420 448
744 919
171 267
412 350
951 414
157 835
485 667
166 517
73 959
291 17
529 117
352 33
938 618
612 221
596 277
621 571
299 826
354 524
430 332
308 595
339 887
882 174
430 645
480 699
166 29
608 702
958 270
504 537
647 741
258 317
353 689
106 537
308 927
8 890
831 391
655 694
314 691
311 553
670 173
111 241
216 918
161 939
372 396
696 467
52 593
188 4
117 432
727 666
883 105
7 783
5 747
221 267
82 813
579 883
191 72
731 373
279 24
754 487
292 148
780 294
116 375
944 132
448 540
719 248
91 744
474 647
281 31
794 344
274 362
277 90
471 177
994 4
940 516
424 284
288 617
228 711
516 871
725 527
601 293
856 664
607 315
770 982
849 733
853 272
50 125
180 942
428 594
334 953
143 430
296 984
700 176
466 695
406 755
121 716
893 641
797 401
996 501
935 54
274 2
741 321
985 303
930 820
995 478
495 675
905 250
438 9
517 763
382 562
382 404
695 364
416 527
357 298
711 860
740 513
476 66
530 46
580 798
198 939
148 681
812 947
404 577
537 168
570 242
819 847
43 276
658 180
293 996
94 546
347 992
736 146
432 981
408 543
420 24
808 582
357 387
864 150
52 856
329 724
850 377
762 55
232 593
834 25
228 509
387 687
558 170
195 44
730 447
392 680
78 587
212 165
567 577
27 567
673 16
607 978
801 327
769 946
109 355
434 153
858 386
285 890
907 134
291 157
175 779
506 426
277 316
887 790
510 363
573 404
920 214
530 510
41 622
445 33
828 42
140 193
478 21
136 72
353 703
524 815
853 668
23 184
3 308
673 418
417 427
756 179
245 941
650 498
946 757
302 851
981 839
489 77
684 19
755 138
933 554
583 516
182 417
400 428
485 324
742 966
52 620
820 182
616 971
44 463
971 458
584 126
767 519
141 131
468 867
462 204
7 806
550 580
899 394
939 21
465 335
616 946
50 883
558 866
833 391
738 363
301 232
496 334
303 882
45 654
996 891
257 111
405 456
661 535
804 26
772 911
333 31
202 974
968 536
21 560
653 786
169 891
164 43
648 446
497 60
808 187
675 703
313 64
336 768
421 808
931 803
430 688
164 498
668 577
943 700
321 335
541 356
938 420
379 356
635 588
161 820
899 642
522 393
575 604
284 114
974 602
882 455
993 156
14 699
560 425
233 241
920 608
62 219
661 454
690 240
433 147
459 511
229 74
232 525
697 221
162 718
872 653
9 41
641 115
965 497
208 480
838 263
977 151
967 798
694 103
549 131
874 89
912 365
869 275
290 429
711 163
262 764
529 724
805 793
197 173
263 56
23 466
935 190
64 649
888 828
272 247
976 177
111 814
558 86
458 780
940 461
281 812
86 453
155 348
899 26
9 773
150 547
842 393
551 534
362 782
388 632
542 224
934 695
685 793
197 25
271 942
72 864
321 877
122 482
836 994
730 586
568 888
14 966
909 509
134 233
901 644
750 431
218 897
23 664
139 170
959 370
441 593
441 526
454 732
782 90
316 134
987 146
979 272
763 341
115 985
307 362
753 935
165 986
824 777
623 94
798 155
613 971
525 853
466 917
620 220
668 143
245 642
905 467
687 547
597 927
893 627
202 823
337 713
804 431
9 281
161 996
868 181
107 747
855 74
355 137
326 799
766 563
999 6
652 743
672 273
968 289
581 113
527 358
992 828
705 576
399 527
931 700
510 433
204 956
692 326
541 583
769 963
276 164
432 583
991 844
547 385
263 143
996 186
313 57
278 506
190 226
104 513
361 972
875 442
142 405
245 714
220 976
361 600
194 664
677 971
394 808
166 382
999 768
335 550
174 700
736 202
486 537
789 281
500 740
456 786
216 487
1 480
505 200
302 571
874 430
365 154
663 847
680 86
874 590
50 131
250 435
673 461
976 440
480 222
774 37
363 970
921 706
34 534
759 167
416 224
668 405
517 482
341 289
992 15
965 199
692 754
958 726
820 624
830 951
262 385
735 533
274 913
35 824
487 448
179 640
539 252
432 248
439 212
417 512
739 235
944 269
161 377
727 746
191 845
878 617
460 198
709 577
278 514
723 241
792 622
599 760
737 693
145 863
951 888
21 829
377 866
498 629
401 779
787 411
312 738
862 589
749 263
127 232
893 620
585 888
167 288
485 887
274 426
228 187
87 912
637 887
516 845
939 410
185 232
792 870
501 147
721 963
682 641
260 300
38 888
908 995
821 638
979 387
198 830
987 874
396 915
288 644
906 615
308 39
17 902
86 301
596 340
888 487
668 330
277 176
55 615
213 820
661 844
246 522
7 527
733 833
772 308
799 656
299 611
531 847
521 891
476 857
255 263
542 816
168 789
405 629
240 109
855 35
689 889
196 145
419 136
526 909
102 561
73 852
497 256
956 759
459 1
401 491
440 617
45 92
707 997
659 277
139 467
181 432
724 184
106 5
198 116
503 849
739 55
337 200
990 885
34 9
546 570
250 442
232 450
222 649
843 147
324 927
664 371
860 812
717 149
366 680
104 834
359 288
200 781
890 267
253 42
143 569
177 8
78 107
441 777
880 136
641 488
183 200
243 258
636 792
95 108
497 320
976 632
593 826
714 266
628 14
320 921
562 706
819 780
876 45
658 366
312 912
127 336
284 332
615 892
844 490
887 266
264 659
790 498
262 234
107 299
840 395
168 689
724 586
171 420
943 866
965 759
44 16
461 539
104 700
857 616
2 187
569 522
908 364
848 611
874 551
612 430
717 105
48 874
229 907
552 164
506 620
845 935
286 707
577 411
111 416
530 501
481 742
444 517
965 535
91 484
54 85
28 897
898 911
262 422
713 994
83 607
657 928
805 637
61 908
319 186
772 227
373 458
431 396
263 757
845 6
995 356
828 353
308 583
177 876
725 545
614 686
459 630
629 157
937 63
695 713
283 797
714 323
93 248
279 551
304 538
931 361
511 313
63 533
602 99
317 249
822 685
989 615
593 278
341 372
643 798
873 828
370 751
903 446
836 750
576 985
467 622
654 112
142 308
574 957
378 73
117 824
718 321
383 455
773 570
860 730
329 45
856 562
166 50
922 578
278 705
455 499
973 440
314 493
206 671
511 673
95 589
342 844
33 736
327 570
146 306
628 40
848 923
282 505
596 226
136 685
243 812
763 490
325 8
194 981
846 531
112 4
919 789
392 696
482 437
946 780
553 746
20 761
612 231
877 391
625 835
250 757
3 519
71 328
517 523
735 166
445 174
501 371
135 854
281 666
251 925
97 382
359 194
484 440
194 249
564 218
811 355
895 669
112 668
298 779
313 707
939 309
687 180
170 46
0 574
511 556
1 998
985 906
926 816
114 531
987 512
32 92
565 376
408 922
278 798
140 454
938 520
635 251
439 935
940 966
90 896
983 245
996 873
114 593
710 883
922 442
514 300
718 2
244 190
275 113
946 58
99 214
581 143
500 336
481 791
880 226
192 239
965 44
757 639
918 200
989 143
783 388
386 110
206 432
437 733
989 353
896 51
839 288
822 394
51 348
298 827
230 864
966 724
530 267
297 138
772 240
384 985
540 351
629 383
364 926
264 623
614 15
436 703
209 335
111 477
69 778
748 646
666 763
434 185
187 429
638 22
64 259
253 457
320 383
199 143
19 632
515 771
309 933
952 398
441 292
858 233
684 923
1 450
622 894
268 965
481 100
754 878
519 642
329 129
901 360
357 143
537 789
267 140
1 320
620 676
394 574
637 134
720 41
730 313
694 521
282 336
640 14
864 53
87 436
363 511
775 487
581 777
269 833
175 906
639 129
449 989
513 277
898 426
226 680
622 632
975 901
348 874
911 98
211 799
930 240
844 916
804 814
822 785
619 323
540 814
780 840
522 535
650 60
868 534
198 767
607 58
13 659
888 853
213 929
142 873
583 958
137 5
304 940
249 126
961 28
952 180
696 969
750 469
340 971
281 777
198 231
197 492
411 902
781 861
910 79
837 295
780 310
606 48
672 174
687 965
846 466
721 815
822 15
372 463
591 568
870 565
432 35
808 386
740 371
304 960
645 85
745 128
21 646
756 38
704 37
634 203
664 508
159 281
711 126
916 753
55 48
458 448
764 881
870 608
352 705
485 888
876 624
516 253
873 295
722 372
133 190
316 287
678 862
399 876
431 347
781 150
347 79
73 133
206 100
821 507
108 860
221 598
410 301
354 117
255 243
62 618
338 350
589 10
567 956
77 297
723 983
755 839
307 724
319 353
640 211
966 783
785 656
495 206
453 924
326 337
90 120
354 413
148 61
853 577
349 906
604 694
943 708
731 836
461 754
571 943
994 653
375 769
809 462
241 158
757 964
561 164
734 571
274 295
583 761
931 138
202 780
664 844
727 15
42 909
809 427
84 226
686 226
595 748
889 29
128 497
574 706
357 150
968 682
133 667
26 447
640 176
950 468
165 443
491 379
687 983
999 614
461 734
66 793
280 406
771 367
703 551
6 569
991 615
244 849
825 214
519 147
757 705
662 416
966 337
546 867
551 274
636 110
676 244
492 295
414 444
474 395
73 976
364 335
908 909
170 495
145 493
887 111
325 282
608 940
576 243
745 845
737 7
942 813
570 96
1 989
82 568
122 128
871 979
6 497
502 851
330 376
776 64
903 562
502 602
639 640
314 642
908 436
452 149
427 419
803 683
495 536
949 367
23 46
33 724
29 609
424 752
966 854
326 340
720 163
245 647
823 126
398 571
821 597
260 469
813 805
784 148
846 503
663 419
355 400
889 991
790 119
411 128
657 656
273 767
341 540
321 871
496 377
314 583
421 687
607 94
903 315
505 604
552 855
436 211
645 715
289 424
788 258
520 233
981 341
765 827
299 427
711 922
386 178
89 918
770 341
115 390
197 440
791 155
140 692
48 318
320 277
150 436
197 751
950 31
473 87
116 69
81 981
210 466
851 505
765 171
900 643
980 147
766 83
512 704
34 639
676 290
80 374
17 260
754 509
996 503
451 775
908 78
716 618
628 556
800 339
654 959
358 208
734 3
858 179
359 547
597 92
649 264
873 42
197 478
681 19
770 719
153 259
77 879
379 866
91 454
389 178
916 454
8 561
712 292
52 38
778 444
994 849
234 127
578 955
428 729
22 371
597 987
448 500
705 545
461 368
715 765
506 749
82 319
295 511
546 427
252 949
45 499
408 106
832 940
297 495
916 437
833 95
228 72
281 793
279 824
158 713
279 833
416 73
416 68
587 671
361 357
355 851
904 94
435 171
549 624
993 370
142 292
89 434
101 820
182 423
924 748
981 305
528 250
224 124
501 287
898 572
470 426
428 556
120 378
376 994
836 477
256 990
982 109
49 101
733 307
156 424
378 960
498 282
55 288
132 106
920 373
780 671
776 61
200 419
208 345
481 191
689 143
383 903
173 774
459 75
583 361
895 32
160 513
511 386
210 651
806 988
763 45
632 554
340 910
115 436
638 178
810 505
467 888
531 385
492 861
100 451
218 816
751 40
214 102
689 948
437 741
201 845
427 256
39 940
574 293
223 698
270 572
279 153
849 506
409 225
753 672
184 628
130 728
10 575
7 704
526 887
584 765
542 658
236 1
967 510
509 714
164 22
709 574
113 190
809 300
77 167
197 109
850 174
534 557
341 807
358 434
39 881
346 46
295 548
560 772
233 152
825 587
341 718
607 972
85 804
754 499
704 170
382 681
297 48
341 7
129 515
696 334
513 18
912 881
119 873
818 46
224 33
358 416
617 545
792 811
531 423
582 742
935 885
270 450
78 709
415 684
393 515
783 861
800 230
37 30
739 589
88 315
495 649
746 91
921 699
808 587
293 31
228 319
661 988
815 962
655 273
371 184
328 198
75 216
129 267
21 994
592 700
610 377
295 875
629 174
461 221
490 729
700 188
406 247
408 768
372 783
773 924
45 892
884 4
307 808
296 483
885 138
485 666
797 360
552 348
393 656
326 791
582 277
882 598
756 545
697 963
531 946
424 280
349 146
17 322
803 884
692 198
50 866
714 248
26 598
444 33
59 565
974 45
342 337
901 733
193 42
403 862
195 436
17 408
903 694
330 67
617 984
29 593
673 881
446 875
564 513
98 840
832 748
107 904
86 851
635 106
490 888
659 240
229 925
596 984
70 414
427 69
60 330
991 479
484 908
863 146
225 846
119 877
240 170
254 464
952 34
852 759
547 120
796 648
600 552
954 514
960 431
279 691
511 262
326 559
271 188
49 819
296 934
629 867
730 884
24 816
272 469
144 280
177 403
912 90
857 480
603 193
208 776
998 406
742 834
597 549
561 441
591 364
537 256
23 267
385 672
69 369
184 366
568 300
446 367
113 194
602 937
947 709
737 798
286 656
929 482
467 512
988 424
844 337
28 64
376 899
546 290
927 22
246 877
187 635
361 639
621 595
511 476
81 35
700 760
667 148
692 345
339 958
121 75
326 874
532 80
765 37
353 970
55 479
812 907
791 586
555 98
90 381
415 94
868 392
284 685
962 14
967 685
275 301
592 716
734 600
375 292
509 9
96 2
730 397
450 137
407 969
738 636
299 967
248 42
674 410
85 465
663 943
24 982
507 82
183 40
354 1
427 396
319 791
425 130
48 89
230 200
247 936
639 18
915 719
407 902
794 40
59 87
720 254
688 979
610 51
620 564
892 53
647 485
913 809
860 708
98 255
922 450
486 112
109 583
70 274
611 487
248 183
521 501
761 217
796 63
960 654
406 185
385 424
375 818
645 362
434 252
979 22
14 390
731 36
287 863
39 620
672 682
457 76
463 805
239 257
318 610
673 690
581 140
199 701
135 655
235 59
973 601
467 635
223 694
219 458
317 739
417 715
853 654
240 712
852 355
740 452
968 956
996 879
861 131
71 164
545 132
160 704
860 514
243 589
968 219
967 5
254 835
683 74
382 700
476 538
669 711
276 912
75 69
545 942
752 488
768 187
637 74
400 886
274 341
543 949
519 120
651 682
447 192
466 460
132 987
480 417
67 339
625 405
492 103
54 436
460 243
79 683
976 447
195 978
857 188
200 529
677 767
57 531
163 811
405 117
120 955
655 494
72 680
384 614
774 762
229 295
433 718
402 98
957 461
944 33
506 505
397 38
723 470
812 18
987 882
31 512
83 708
822 573
722 3
252 911
763 411
484 555
158 128
384 555
47 297
100 88
536 461
27 651
576 12
45 381
917 498
701 381
104 390
590 291
253 911
174 756
885 856
895 768
960 4
862 683
360 680
413 18
16 179
928 654
324 22
236 604
487 240
790 348
658 909
241 266
17 135
308 672
201 590
767 486
157 778
54 120
488 561
84 736
708 610
132 334
595 735
824 705
364 373
723 33
409 585
594 951
498 852
693 811
903 620
354 28
470 664
654 245
664 623
756 318
118 945
125 279
279 696
732 766
180 775
364 732
132 836
637 841
658 444
616 282
575 226
913 143
796 176
895 150
544 710
503 344
185 741
683 926
376 213
138 884
777 999
999 496
529 494
343 113
901 516
795 982
448 297
968 261
708 469
295 484
623 665
322 511
193 673
455 452
465 246
987 175
766 839
325 988
907 459
207 353
528 772
216 319
521 937
379 437
392 145
556 795
873 129
382 88
845 289
816 9
88 566
55 789
37 786
165 750
864 837
621 332
239 122
739 439
18 773
639 317
917 355
24 601
2 478
102 265
699 531
242 844
957 944
464 617
413 964
598 903
304 191
937 498
132 373
302 712
4 160
808 783
706 218
181 370
3 978
415 987
264 304
728 234
861 720
855 728
407 521
786 839
100 551
878 816
335 933
542 113
288 670
581 56
924 729
971 683
535 185
366 104
759 29
649 309
560 403
925 624
383 793
169 607
974 350
641 522
815 500
155 702
354 487
539 735
425 274
434 880
932 346
372 346
506 276
781 947
785 223
246 564
354 345
431 519
728 858
981 851
525 184
777 239
177 185
617 700
468 921
964 955
238 252
73 613
378 3
967 309
689 187
433 36
183 113
734 369
606 762
114 498
575 59
508 39
74 411
535 977
399 90
328 340
450 673
514 947
394 459
791 966
286 502
92 326
444 952
378 522
740 798
983 780
21 379
419 874
568 295
778 275
171 825
36 726
989 810
8 334
758 690
444 162
550 311
162 38
756 434
727 959
682 103
527 857
986 608
476 797
490 441
387 693
247 356
337 132
329 424
842 13
607 542
705 308
810 483
786 521
206 921
130 247
793 252
800 981
333 888
335 486
873 371
981 325
741 311
432 743
196 523
845 230
521 857
743 315
499 894
589 214
450 215
638 984
492 989
506 642
666 634
126 565
799 392
343 56
573 331
955 374
976 712
195 423
561 265
430 619
306 802
981 440
22 469
858 522
293 485
171 913
642 315
437 363
821 651
295 253
547 42
647 966
932 697
849 711
310 418
267 298
701 883
814 274
918 436
160 150
113 707
243 977
845 460
272 549
188 182
352 178
28 52
29 821
415 118
950 857
477 455
506 361
925 899
229 99
531 590
839 229
784 344
875 429
274 230
270 108
345 47
367 859
983 624
952 837
271 208
951 425
444 435
723 663
958 710
921 912
843 214
220 848
648 593
803 574
170 740
814 291
652 224
242 41
533 44
957 699
130 800
331 124
158 280
367 122
11 254
132 940
862 995
818 50
406 256
20 230
804 727
768 855
994 274
687 274
928 480
340 587
382 113
368 202
11 495
293 764
433 506
819 788
340 283
245 597
784 798
424 417
829 162
70 472
890 0
73 247
930 909
226 776
874 680
843 528
56 485
18 349
804 223
790 531
161 484
554 487
912 406
668 282
875 350
428 964
952 614
193 700
819 783
310 167
3 207
963 274
570 993
268 824
578 167
15 869
512 2
573 325
263 926
128 150
169 622
388 397
60 866
683 699
105 712
554 794
8 63
220 627
102 244
133 768
917 234
467 830
957 715
816 595
6 689
704 876
180 769
621 295
979 515
134 842
652 903
723 637
708 184
191 368
116 740
523 929
297 313
995 660
924 73
221 214
421 329
80 979
132 941
295 189
510 56
520 587
354 204
685 53
278 5
516 285
354 207
622 875
865 760
568 387
343 374
588 313
580 459
129 956
373 178
383 448
921 641
831 194
40 228
45 11
393 834
194 518
333 915
331 741
198 373
536 390
258 222
124 644
602 43
94 228
233 624
228 485
80 818
955 478
885 293
612 846
85 451
633 543
183 795
215 278
526 786
423 730
457 686
81 122
327 771
835 65
354 135
910 723
968 944
357 850
520 871
840 555
20 509
769 557
431 547
304 407
435 278
851 159
457 870
393 178
908 561
363 532
754 467
159 844
643 45
518 495
136 464
477 82
995 558
449 509
442 713
510 557
891 34
152 627
268 692
472 245
502 238
780 924
730 44
702 512
252 912
236 917
213 827
848 600
354 343
823 14
705 22
899 179
709 380
596 972
502 106
601 496
783 700
861 284
518 611
662 705
675 102
126 623
260 728
803 509
192 363
548 591
739 483
871 675
339 847
475 876
504 205
790 212
290 476
130 418
621 650
480 820
274 680
164 496
1 731
54 201
936 679
700 139
459 665
746 684
871 79
188 136
616 762
954 815
987 51
336 598
914 539
956 627
961 686
144 122
444 745
164 841
552 840
664 729
838 908
564 621
114 477
999 181
49 658
927 576
669 785
335 654
861 458
172 252
28 3
987 789
952 372
778 425
624 863
184 204
600 862
943 502
550 375
374 419
488 543
34 887
416 922
87 311
877 146
242 182
657 6
663 330
786 96
176 761
470 616
396 297
429 607
347 564
264 778
817 790
688 370
539 244
637 318
813 850
85 135
754 133
348 885
858 238
472 660
865 934
105 661
141 501
554 896
314 353
33 406
591 441
517 536
668 85
896 876
625 311
288 484
918 448
997 672
560 311
483 585
876 779
681 92
182 828
364 576
889 451
288 104
425 508
154 175
808 341
856 803
314 872
978 608
472 109
97 146
401 665
13 865
50 537
630 613
198 892
830 361
567 309
752 998
709 125
19 670
98 904
248 585
809 577
493 479
309 272
738 310
888 108
835 389
43 582
17 40
856 278
699 411
944 248
329 512
531 16
894 263
401 845
211 198
431 399
503 158
500 622
793 34
710 591
423 800
798 604
757 5
751 979
342 270
539 759
556 440
601 441
703 625
964 779
765 711
813 110
152 582
715 76
476 934
790 429
815 34
922 9
130 93
411 341
58 479
517 603
204 355
208 99
939 497
664 417
244 606
78 274
498 757
923 750
698 923
59 11
17 639
286 749
544 391
426 96
959 206
491 870
817 46
451 741
156 289
717 101
427 85
171 384
4 61
979 369
760 71
335 983
362 203
965 713
328 504
589 263
390 15
138 22
759 299
745 439
622 606
231 349
731 214
640 441
744 360
299 923
667 455
143 129
435 830
304 181
731 573
302 614
170 904
713 569
483 918
595 196
896 541
593 277
804 139
974 98
418 281
615 633
343 264
948 956
639 746
530 557
921 663
550 973
600 258
558 278
832 471
119 76
564 518
895 908
244 278
981 411
720 570
883 201
474 940
434 389
481 38
502 706
902 522
937 450
716 816
216 80
133 115
910 845
250 541
890 49
117 612
215 338
499 330
388 669
178 565
659 169
225 992
402 400
360 914
861 789
40 91
524 248
273 297
32 541
437 147
73 63
876 775
685 335
587 107
498 640
250 950
356 665
351 361
35 278
739 30
533 461
570 262
967 578
78 679
366 293
602 573
366 896
181 82
856 454
512 74
754 948
421 370
451 306
858 772
440 386
257 900
870 666
420 492
597 611
984 13
265 847
242 540
285 281
7 718
202 347
93 557
981 499
759 492
825 882
655 77
718 834
321 179
22 144
264 55
99 809
93 733
47 864
207 452
323 142
783 492
234 847
117 751
789 704
581 228
126 247
183 813
277 241
107 124
179 990
692 575
896 217
300 932
873 289
901 793
254 220
894 478
672 75
525 643
726 813
673 529
146 127
277 575
393 410
85 846
941 325
480 333
973 434
925 694
214 790
404 253
847 921
376 794
327 90
424 452
239 849
704 672
842 559
523 159
791 614
913 444
889 331
37 267
647 643
914 922
409 689
303 393
208 20
603 905
572 295
885 147
221 147
489 528
693 702
730 263
925 384
403 217
920 713
604 16
835 978
174 909
423 275
455 308
264 735
91 769
566 570
97 214
561 975
886 665
843 993
313 938
476 458
694 673
362 894
869 106
59 605
833 579
320 788
141 317
947 799
368 401
401 19
271 183
576 522
238 908
588 441
839 633
543 812
630 303
834 107
193 726
486 735
728 151
903 170
795 655
695 846
233 807
56 559
99 901
247 983
755 718
124 539
58 680
638 587
678 859
646 993
618 888
836 962
750 305
261 701
864 346
117 937
610 696
844 166
809 989
35 914
553 278
32 88
396 828
971 690
111 50
328 683
390 457
510 839
234 467
269 562
528 34
233 327
314 558
201 951
469 905
634 552
370 805
67 208
900 413
710 236
490 750
532 190
960 600
657 122
609 823
696 238
52 985
21 225
597 713
411 875
674 538
525 564
697 964
221 204
942 481
809 44
694 662
532 886
172 359
100 411
978 452
838 662
417 751
159 711
369 443
423 168
593 481
168 96
130 889
734 308
846 648
953 387
293 519
914 255
327 637
796 652
84 598
125 438
727 422
379 410
809 378
777 49
516 831
733 210
833 976
848 534
435 148
586 492
14 708
927 592
304 664
415 582
93 891
934 50
113 170
138 571
666 248
746 681
285 23
760 648
720 473
175 901
328 897
325 896
616 756
663 347
443 736
506 766
711 437
28 703
61 205
898 731
500 60
468 702
37 580
762 474
233 444
390 888
189 737
654 446
479 910
484 422
333 276
233 704
453 452
961 924
252 431
877 104
851 115
57 950
292 550
734 533
516 301
896 79
447 282
429 365
287 761
152 655
515 68
770 175
545 870
354 798
56 773
849 3
535 400
858 321
951 223
435 733
248 701
725 873
837 973
161 447
889 951
537 875
10 110
970 187
670 553
283 624
822 784
83 329
764 287
362 687
679 783
488 908
786 317
119 178
574 696
778 877
342 27
459 180
419 569
140 569
799 865
709 529
845 196
967 625
466 69
701 495
194 240
687 775
704 303
628 218
624 275
879 199
885 572
95 519
25 89
9 905
200 968
906 4
942 895
715 479
407 473
533 706
74 4
739 104
497 629
642 126
597 571
626 373
139 970
257 780
687 548
773 479
63 695
497 894
913 870
484 509
232 842
400 576
845 12
635 985
200 422
897 612
936 422
228 312
500 917
977 736
582 241
94 74
874 358
298 711
909 147
128 308
109 120
100 706
67 787
489 42
160 300
275 887
282 477
885 232
128 863
668 741
328 977
763 279
699 471
784 779
704 427
552 294
487 673
522 949
136 763
638 169
85 474
111 560
881 703
334 661
320 362
679 896
666 104
232 843
71 596
987 596
153 769
796 896
909 257
502 806
330 882
305 529
61 161
942 858
993 157
833 229
380 106
387 925
6 701
902 468
968 670
593 274
713 628
495 90
175 491
520 650
893 461
566 403
409 601
563 400
870 617
345 506
380 44
785 173
782 434
618 195
312 856
416 970
22 796
383 702
578 985
960 388
62 951
487 857
997 8
792 535
777 754
220 491
882 418
898 283
724 104
21 29
880 983
446 745
999 451
703 108
686 505
42 549
859 21
203 745
846 193
995 434
930 754
219 65
229 929
362 106
64 498
850 622
0 376
829 685
165 884
659 21
965 743
326 539
37 937
631 878
844 847
193 670
609 38
530 759
134 422
317 976
103 213
541 996
247 268
59 876
948 690
465 235
37 910
503 611
193 942
361 2
644 908
354 611
443 153
58 536
33 356
959 969
72 510
236 388
937 11
231 908
982 412
281 150
120 506
177 341
235 57
194 840
337 980
828 237
63 762
776 769
599 37
549 470
286 715
226 184
206 404
77 927
496 8
27 545
934 370
525 811
963 433
822 63
90 660
642 414
261 63
678 103
836 597
366 580
143 602
597 309
370 449
10 309
351 939
474 907
68 17
570 426
90 826
76 131
450 492
261 630
654 752
992 296
162 458
685 879
961 389
840 697
827 378
541 552
474 608
244 131
508 489
975 336
105 953
664 837
765 317
991 33
264 200
307 710
553 749
831 663
442 863
479 996
752 516
69 236
803 197
423 924
566 188
16 847
295 80
626 856
767 564
604 361
161 327
664 761
975 330
789 26
776 915
645 583
378 652
532 616
941 840
393 206
401 677
194 949
921 403
516 142
774 191
458 146
532 440
20 464
167 299
710 911
466 533
362 683
486 628
951 313
992 499
391 13
925 343
122 499
896 401
345 532
661 96
798 219
600 670
937 833
252 717
676 271
358 127
726 362
814 87
908 169
695 749
141 57
437 485
486 142
996 201
40 692
432 218
396 935
356 690
128 112
9 666
523 241
168 105
162 576
28 132
988 512
845 671
649 209
356 661
904 808
581 781
933 943
920 790
575 350
6 773
382 5
731 374
728 973
445 179
631 294
437 334
77 216
886 342
265 255
520 985
575 878
92 590
1 239
747 305
99 318
504 477
646 987
438 349
631 592
963 331
315 683
977 625
770 409
841 727
317 921
834 172
186 716
640 452
363 534
800 388
726 506
383 833
841 939
81 349
140 736
390 682
440 303
422 664
790 87
493 889
243 152
941 788
921 955
622 172
954 730
317 508
176 327
906 114
450 966
529 233
749 284
621 913
974 414
928 720
484 511
33 681
952 92
56 325
625 709
79 119
209 381
356 321
418 278
978 785
606 554
337 422
834 133
345 875
434 759
474 447
347 38
34 351
949 55
238 610
877 838
210 775
38 878
392 800
519 50
644 456
270 127
53 393
575 180
274 280
223 359
589 625
463 166
990 374
850 567
707 996
698 780
315 334
726 636
742 994
60 559
94 114
805 386
888 766
968 410
83 915
297 646
444 695
729 17
613 904
268 511
909 520
386 118
728 609
686 850
177 631
806 264
522 748
426 974
891 739
290 550
416 485
283 137
416 516
985 338
576 550
324 925
538 671
108 155
613 414
188 882
758 300
693 972
865 114
724 671
288 326
960 888
225 23
305 764
990 551
958 551
625 420
117 547
989 381
86 593
405 798
796 517
86 553
674 385
930 645
760 901
827 566
299 113
754 296
875 471
709 26
313 170
747 47
199 233
463 576
585 145
16 57
814 235
601 250
5 860
595 562
830 894
99 159
253 267
418 552
329 800
473 753
701 225
738 264
987 246
325 166
104 778
139 751
826 737
451 684
310 348
221 794
311 422
725 931
966 167
646 150
729 350
879 765
258 643
504 792
96 993
904 272
287 653
571 573
534 867
339 175
562 471
763 813
171 787
188 708
565 313
374 147
650 457
710 369
560 985
597 90
138 918
895 686
562 887
590 168
489 822
989 113
106 891
708 587
635 722
113 904
514 994
645 745
901 685
585 535
893 463
308 315
424 107
369 208
775 365
37 758
727 818
862 698
424 155
765 397
725 950
521 801
900 353
32 258
403 290
412 684
498 468
128 259
887 285
650 707
893 794
81 655
359 201
732 537
795 135
721 508
518 216
240 785
43 947
190 995
219 73
250 621
584 205
748 499
42 121
624 99
332 658
690 375
996 243
780 783
967 981
485 438
520 677
249 263
147 393
848 3
606 478
153 65
902 727
775 512
116 359
962 927
28 413
274 871
456 383
712 803
355 224
336 49
915 359
803 10
131 216
399 238
38 133
987 820
448 132
690 449
682 447
381 456
860 418
272 13
507 48
992 218
446 712
280 939
332 493
502 820
846 975
291 387
699 153
338 106
487 104
978 131
749 823
360 714
940 417
166 526
969 855
225 175
794 79
376 539
594 58
798 389
924 517
233 632
277 421
861 31
68 376
499 501
660 167
411 697
977 327
589 463
405 879
533 282
991 723
498 882
481 574
757 503
826 750
699 574
440 881
535 735
29 459
834 275
781 904
393 654
137 435
295 524
704 774
238 729
42 632
684 345
695 727
680 970
69 11
926 637
677 570
849 23
375 91
995 345
446 287
492 395
643 92
559 221
337 578
340 662
440 755
73 882
784 577
157 742
11 10
639 800
422 783
831 54
835 85
560 50
236 102
118 274
192 5
229 292
322 739
65 795
130 320
753 597
52 536
627 558
572 568
773 735
369 174
466 900
982 357
152 500
770 183
682 303
708 219
897 523
347 325
273 563
375 20
947 109
705 834
396 612
704 542
156 595
606 450
820 176
930 829
472 709
368 999
205 461
494 155
725 802
993 351
899 326
685 292
828 735
9 845
294 701
872 340
880 232
710 946
63 222
599 670
567 895
807 679
782 252
646 941
113 196
242 821
45 361
439 194
360 486
358 927
470 336
818 585
560 784
328 27
884 88
27 292
191 312
9 141
489 263
341 100
891 838
867 125
730 198
894 959
7 720
758 258
48 379
881 510
55 678
725 486
380 703
110 367
827 716
375 483
964 308
541 336
839 306
169 958
898 719
771 751
537 904
139 33
197 289
261 223
226 500
60 873
904 553
998 68
128 252
313 186
817 679
616 367
113 104
298 853
185 106
494 840
255 349
825 826
855 459
773 944
922 137
641 305
706 389
15 934
606 909
767 990
260 634
620 22
111 924
136 233
125 63
366 218
191 846
300 95
637 246
254 997
489 676
196 93
836 113
241 865
609 893
137 687
236 907
734 607
60 195
782 158
182 550
47 97
75 846
804 6
859 345
63 90
264 564
533 739
179 68
319 682
199 547
557 718
926 777
444 473
422 291
122 325
132 292
492 74
532 103
316 128
464 913
113 520
794 843
387 759
332 147
848 593
131 329
245 269
314 645
683 85
780 714
881 475
246 472
554 812
708 440
483 81
889 126
990 357
488 524
175 297
502 819
95 244
446 139
495 389
425 51
883 181
342 893
234 504
110 577
143 588
827 315
992 777
583 450
344 520
237 383
372 457
857 128
322 708
270 310
476 266
586 844
650 112
798 88
7 66
681 78
788 820
626 146
183 907
517 383
302 718
369 215
610 901
211 239
660 665
351 337
158 967
286 785
216 287
64 696
586 139
824 512
615 849
941 850
573 398
512 602
755 975
674 237
990 350
43 775
459 609
413 632
194 830
918 596
169 83
686 560
822 963
757 607
792 630
414 464
561 156
358 426
902 990
481 953
680 261
986 83
919 486
380 999
444 610
636 801
553 73
780 389
471 864
565 741
865 795
352 180
305 344
511 164
930 894
120 648
691 708
481 661
293 709
450 267
428 307
448 168
897 87
706 384
75 122
235 654
313 76
607 917
574 658
53 591
864 50
276 98
2 13
283 649
391 333
398 963
371 370
10 247
208 756
535 196
213 855
58 938
146 668
95 96
166 896
622 452
326 986
214 531
680 205
256 446
740 570
323 16
598 648
321 211
227 774
878 885
540 999
228 76
317 548
60 807
27 436
411 84
819 70
705 118
789 350
232 678
862 746
143 683
506 950
472 912
874 7
632 104
728 634
473 384
109 730
772 346
314 355
256 260
225 670
135 398
701 297
225 524
194 341
747 618
238 456
403 499
935 159
663 786
296 878
485 656
634 621
452 729
823 282
723 118
649 136
767 410
322 747
749 580
534 733
597 612
760 437
106 166
201 117
695 461
162 712
374 420
451 179
660 563
88 358
275 534
639 808
150 756
133 979
533 160
852 103
491 210
803 173
971 913
852 94
30 924
736 10
998 334
371 749
880 207
93 696
714 348
142 838
237 321
931 299
28 557
339 349
818 245
171 287
198 443
674 275
714 630
136 724
889 922
438 314
881 889
751 651
714 390
901 320
58 790
655 918
122 858
793 496
29 36
535 600
969 796
671 343
266 741
406 505
969 336
645 531
180 600
183 311
921 985
692 269
384 996
321 439
616 817
337 958
369 438
960 36
855 259
866 201
56 847
478 779
181 551
898 913
678 460
42 541
698 203
865 384
950 595
950 789
396 477
978 643
255 461
871 875
688 203
591 730
574 940
202 550
720 90
942 466
871 477
77 322
611 869
644 169
610 394
686 861
403 710
624 581
785 586
927 826
304 539
991 160
65 667
665 808
567 681
115 337
157 39
746 542
662 226
967 293
140 27
737 832
489 529
540 194
99 955
139 678
490 824
684 278
976 194
824 222
365 335
209 313
550 941
452 580
726 908
973 656
936 572
240 750
150 664
512 269
77 109
163 948
441 691
890 675
408 527
884 628
730 629
896 12
483 209
940 308
727 651
755 462
790 943
431 231
532 931
771 78
422 813
761 275
794 419
10 954
601 606
936 724
914 612
113 868
812 471
351 573
197 758
250 567
418 656
788 262
213 6
119 353
735 476
902 272
246 904
619 504
931 694
52 337
767 416
539 916
733 680
551 771
818 706
717 507
562 309
132 141
122 699
997 246
901 937
869 501
595 696
528 416
102 220
960 191
805 900
17 859
730 182
224 132
11 830
166 370
664 333
629 559
318 978
588 277
535 149
479 357
124 259
78 823
759 182
67 781
440 18
728 839
708 385
391 674
908 287
143 12
893 579
849 47
262 184
451 473
226 828
154 738
755 752
939 340
793 31
189 306
196 387
290 217
164 793
476 227
922 860
851 37
101 553
493 418
50 195
471 720
564 593
354 923
178 805
706 832
605 296
395 664
472 312
690 874
712 48
660 356
657 234
758 577
523 720
159 727
929 85
546 950
803 715
328 467
429 519
176 861
629 849
69 319
88 673
419 868
576 151
754 717
736 799
562 584
761 93
926 633
386 550
109 264
16 76
476 862
539 755
828 801
998 395
48 292
691 872
899 140
572 843
458 799
976 696
744 240
782 30
36 789
552 641
484 499
544 386
906 791
658 118
196 39
998 229
613 329
796 235
540 133
335 915
435 513
678 854
703 957
284 227
672 460
488 930
506 138
455 237
168 680
30 836
894 394
293 506
188 586
900 674
913 668
884 810
768 576
106 245
516 733
264 279
427 538
654 678
927 482
890 593
176 185
488 26
735 726
385 857
530 81
262 150
385 608
328 442
197 128
975 645
69 183
999 582
83 604
962 777
219 512
313 911
607 375
404 929
639 144
679 327
382 142
654 734
818 309
405 345
135 988
974 811
179 317
360 496
610 515
437 150
3 951
115 5
974 268
573 419
17 219
497 537
644 411
657 923
506 539
429 460
768 303
17 449
75 504
843 891
269 546
995 27
283 438
975 38
197 160
230 205
469 720
642 524
78 629
928 769
60 451
76 507
453 520
377 318
790 851
113 17
384 21
287 805
270 613
354 426
71 929
942 226
870 593
475 394
98 533
211 396
137 108
300 512
167 748
734 116
443 146
333 736
805 496
523 521
851 154
483 559
88 196
875 658
749 522
210 161
542 565
854 261
146 313
673 174
529 973
439 749
779 492
854 722
778 405
165 399
962 240
55 889
231 478
983 585
106 133
726 103
679 148
805 441
748 61
372 241
380 518
520 322
154 298
252 141
14 82
276 850
926 128
141 881
322 486
343 813
461 416
938 732
44 957
298 979
307 935
325 812
972 261
91 586
358 351
172 802
483 497
250 175
998 506
321 251
242 640
543 827
808 946
735 227
32 394
957 363
680 749
662 626
779 875
40 163
993 386
810 69
505 81
425 851
861 50
632 738
97 27
598 949
9 540
122 478
825 668
107 756
903 874
945 345
656 241
612 545
568 845
216 861
53 735
115 934
916 317
503 679
505 118
134 804
865 252
250 38
737 231
996 442
39 355
92 586
760 540
813 54
989 941
397 310
500 489
264 168
419 625
580 471
683 571
467 996
732 11
13 159
376 887
583 40
836 631
737 564
912 262
100 743
38 199
525 294
758 602
624 921
756 568
282 874
186 404
85 133
882 597
809 172
354 452
358 289
753 187
507 906
944 0
109 191
78 108
0 347
824 110
762 13
416 932
928 303
469 749
174 300
289 218
178 125
84 525
547 430
833 188
184 574
249 56
239 894
253 202
797 572
463 27
963 893
554 808
39 568
997 852
475 361
450 286
899 530
679 409
146 192
61 230
90 766
146 212
673 606
625 399
723 41
393 268
589 901
464 486
695 990
493 886
559 532
272 375
839 102
973 844
404 455
883 782
49 590
421 377
349 126
771 685
971 299
305 885
601 96
929 227
599 65
515 14
295 666
233 122
200 10
173 148
433 933
652 747
905 508
906 75
85 48
746 575
613 576
885 374
634 729
276 575
384 939
120 893
304 35
393 338
813 934
252 660
253 588
381 774
452 24
371 119
34 901
527 656
418 63
467 562
785 226
887 53
202 342
323 237
969 136
9 72
130 527
243 297
374 972
195 401
517 743
307 424
801 740
454 103
311 204
107 20
479 862
209 977
231 137
119 822
641 262
717 744
284 126
165 161
276 395
109 182
830 600
329 671
251 295
518 344
815 9
720 516
548 316
584 50
681 532
460 234
844 773
819 260
156 421
756 324
408 897
634 850
587 896
204 166
781 897
178 687
915 135
183 134
469 322
305 549
585 802
619 680
775 245
91 708
155 875
784 110
915 444
972 456
664 986
962 128
546 307
421 217
762 157
558 404
696 20
259 115
251 949
89 142
742 644
952 123
273 634
815 391
827 292
862 148
350 71
783 227
813 924
944 494
574 531
431 32
689 347
644 958
787 297
441 331
943 466
530 770
689 283
962 17
966 329
399 249
522 160
439 208
883 789
646 587
991 138
628 876
865 289
891 965
815 583
341 160
877 616
143 717
190 656
557 709
322 847
953 785
74 90
556 163
834 572
980 387
950 387
367 216
520 166
928 336
369 216
444 923
418 903
511 31
861 717
359 833
821 737
790 33
777 998
986 775
202 462
422 866
864 635
60 783
339 946
233 561
641 477
297 691
662 414
42 870
383 746
66 935
775 133
300 21
697 999
176 358
274 934
306 751
187 37
924 5
826 512
77 625
304 921
866 521
531 948
332 511
990 912
713 858
602 94
485 577
693 471
562 298
109 887
788 11
216 399
975 178
926 581
925 656
27 393
427 67
650 612
628 823
672 907
459 69
631 774
627 112
57 917
16 202
895 789
57 366
13 889
73 27
350 712
531 158
470 438
239 493
181 37
383 366
444 453
520 252
673 787
112 276
611 224
417 168
297 388
77 858
722 675
487 17
740 486
4 786
842 652
310 410
455 489
291 379
425 987
670 429
646 16
480 535
926 604
265 663
861 763
74 232
271 176
823 366
179 539
760 653
883 56
667 818
315 234
224 629
443 623
742 791
188 92
328 222
452 64
766 791
532 31
503 965
765 175
508 706
331 175
208 146
90 272
104 29
745 297
426 49
767 116
6 368
701 852
901 74
788 490
921 5
231 344
412 252
351 618
675 606
990 988
564 908
991 667
343 351
379 957
1 427
603 770
545 805
626 362
658 827
367 342
215 783
948 577
94 283
987 211
191 533
996 167
990 694
509 551
373 174
548 349
884 959
672 851
748 358
480 230
800 338
51 170
698 295
60 937
52 171
955 321
911 280
497 163
986 194
884 443
991 270
819 765
706 415
89 552
664 188
790 485
772 718
477 100
398 703
698 532
406 692
332 965
732 271
42 790
17 172
332 281
287 66
515 167
368 177
236 39
182 154
758 173
974 513
995 53
425 938
163 192
971 656
217 933
520 267
750 781
734 957
509 481
723 436
180 853
695 373
819 484
816 366
775 481
529 281
513 441
93 147
474 43
411 707
852 87
229 476
696 183
748 259
364 163
838 540
771 404
324 121
515 459
191 537
703 768
121 564
897 235
70 155
503 468
17 9
35 997
469 956
759 127
421 678
682 827
577 373
677 374
942 184
930 833
722 992
315 15
227 986
626 961
554 380
23 212
254 151
516 759
441 448
57 904
865 481
678 796
562 432
828 13
727 441
194 859
617 385
894 644
287 419
793 56
328 63
618 482
211 551
902 457
238 363
334 986
659 792
335 984
744 529
958 645
73 327
334 933
103 885
487 425
916 521
165 730
894 723
619 382
822 455
848 51
400 846
219 382
957 281
887 310
775 871
614 98
781 17
903 713
724 560
465 523
420 157
219 184
423 454
985 544
182 775
543 802
393 180
991 180
630 628
369 541
482 72
723 640
2 711
412 691
541 723
538 712
531 446
334 164
231 709
708 787
13 781
325 834
247 160
440 509
697 841
629 990
886 313
929 458
109 497
658 398
817 872
527 715
346 556
233 724
121 890
546 671
65 28
999 264
981 24
771 818
856 9
597 542
539 281
365 751
353 228
429 847
560 830
831 737
641 464
671 49
394 853
973 740
209 116
381 906
98 958
767 885
878 214
662 337
324 15
524 128
427 610
159 253
195 42
622 879
941 970
619 6
775 850
952 760
872 368
241 613
110 785
573 877
81 627
136 110
381 211
998 137
402 255
222 936
698 175
856 752
50 427
388 902
259 597
920 413
255 213
614 709
164 293
607 505
170 975
927 479
394 226
154 129
509 257
148 4
613 415
417 776
390 372
863 317
579 609
675 704
312 910
510 970
160 363
687 738
182 942
326 643
328 250
954 328
221 134
566 801
140 469
603 808
37 600
714 519
842 246
827 679
95 213
387 315
911 954
460 463
178 944
314 468
364 304
489 40
738 73
371 137
58 248
989 374
214 69
812 823
494 959
259 175
914 328
93 853
759 766
398 698
23 521
413 936
518 525
702 465
988 457
933 244
237 368
814 872
984 124
152 463
694 332
743 949
478 922
521 634
871 320
616 349
413 881
150 256
128 760
286 221
506 211
495 329
531 189
252 552
685 842
554 62
882 974
540 369
182 578
358 86
950 203
540 314
316 658
132 866
925 36
651 756
519 18
482 945
825 788
803 888
103 32
369 627
29 607
938 677
546 119
649 768
938 843
430 326
381 76
990 36
648 318
618 96
388 471
624 11
992 369
149 196
203 20
536 556
832 883
372 583
516 145
706 743
546 736
754 682
778 625
16 324
343 752
486 855
57 481
903 440
702 524
713 470
163 737
69 251
339 510
945 329
721 339
214 245
485 898
398 671
120 912
872 329
150 920
357 424
725 623
494 946
94 850
432 161
587 872
668 599
333 710
566 545
356 564
133 336
566 653
83 383
650 1
585 627
251 693
259 73
732 749
356 830
432 428
841 647
524 768
292 795
821 586
157 943
241 973
663 616
761 352
607 936
85 663
546 276
808 478
34 884
51 606
14 553
840 445
580 894
203 403
728 694
548 694
831 659
846 934
928 216
684 868
903 941
400 64
170 984
646 34
423 401
458 824
1 925
999 401
66 757
759 706
399 895
344 12
868 201
468 981
843 926
370 261
396 963
771 389
706 376
329 242
948 115
932 91
31 647
627 877
456 488
594 377
143 491
569 705
966 343
661 496
17 212
982 620
564 552
698 395
51 695
847 992
638 654
773 407
470 197
857 700
931 367
596 509
47 961
118 13
589 545
551 257
742 124
938 337
603 255
765 293
6 864
924 944
996 921
579 576
666 215
369 169
420 99
335 664
929 892
587 994
134 137
438 124
819 198
277 456
91 642
531 283
201 501
580 918
286 151
839 495
744 390
982 712
924 901
400 504
912 247
423 507
971 787
968 749
397 896
693 837
964 81
839 209
881 954
660 75
702 674
367 336
25 922
771 65
266 388
499 125
581 661
611 115
778 475
950 620
376 273
501 1
199 509
72 742
322 687
781 138
779 411
946 320
2 313
393 766
308 754
300 612
530 172
224 276
55 592
89 640
413 201
695 353
903 342
878 471
903 341
770 625
606 753
810 209
405 158
169 289
905 335
160 670
224 229
928 437
300 227
617 445
66 374
572 825
695 566
646 344
454 845
481 308
492 280
771 748
353 190
880 925
442 123
422 282
120 116
758 508
825 422
962 775
689 146
643 306
689 686
8 921
44 460
993 302
198 106
73 992
155 864
405 392
275 270
86 911
891 251
930 24
479 696
902 205
32 697
874 805
467 935
15 890
351 632
396 481
508 438
781 985
621 559
325 278
207 184
590 596
367 915
609 474
833 630
828 789
380 92
297 731
272 813
187 227
243 226
550 513
852 670
208 869
362 66
330 16
465 422
938 701
588 328
147 751
108 738
927 58
100 940
214 368
44 579
363 928
706 609
700 564
735 788
998 341
973 203
529 911
32 49
891 908
352 157
905 567
448 313
135 8
328 928
127 265
840 70
391 617
690 198
638 761
621 48
71 133
231 342
420 266
795 906
795 901
470 421
347 173
642 149
25 225
555 209
350 821
135 392
301 260
835 387
264 20
177 556
680 539
266 767
794 71
375 275
8 142
338 37
541 102
26 151
733 63
716 394
498 827
512 487
197 924
699 637
493 101
335 194
395 324
221 530
185 904
887 145
165 252
619 194
382 267
152 857
471 249
379 960
367 474
885 819
465 663
215 458
204 9
713 102
148 467
86 921
441 952
37 603
949 416
996 109
593 981
562 974
658 956
635 39
749 172
29 414
988 439
379 985
210 982
677 398
892 728
381 243
769 414
944 184
871 278
188 265
661 190
174 322
615 56
551 305
564 92
44 744
178 523
668 554
484 716
452 140
666 689
124 923
597 342
678 437
74 487
706 862
262 501
851 380
151 653
376 776
755 940
846 142
858 421
172 848
522 490
600 184
814 209
646 392
136 34
635 553
275 35
129 697
21 283
50 512
513 591
781 400
702 211
659 167
721 834
308 541
919 137
307 924
24 500
947 297
974 960
353 547
837 768
409 467
258 239
429 167
465 370
372 304
400 373
357 32
528 817
455 540
930 641
898 986
138 640
123 931
689 369
629 723
345 321
309 137
682 200
655 581
981 228
391 475
261 847
437 944
761 453
919 883
37 911
64 113
765 982
155 75
119 74
925 128
928 395
405 394
945 266
703 652
131 381
500 976
538 885
133 737
942 395
397 283
56 506
221 533
62 927
844 253
883 499
89 514
438 764
872 687
699 111
658 502
466 146
2 359
135 129
25 70
797 129
312 175
813 221
85 983
360 684
705 149
198 72
271 563
105 173
323 751
480 284
240 704
233 585
718 466
679 496
142 44
762 938
899 294
463 923
860 461
256 121
569 654
88 627
593 467
492 215
163 975
878 995
51 634
367 434
536 998
811 256
563 876
919 795
548 299
213 852
155 15
813 904
997 409
511 628
702 750
791 189
555 58
507 414
742 709
309 594
829 442
725 622
385 468
513 937
863 990
914 250
531 456
309 898
842 307
94 763
416 575
324 559
497 79
822 92
106 82
818 994
599 564
198 155
759 431
54 119
364 666
511 781
39 300
512 853
316 375
661 191
806 484
710 747
750 403
815 893
126 406
179 960
632 219
281 432
568 274
693 978
530 815
375 53
278 903
370 837
437 683
975 995
63 766
190 675
201 604
713 198
955 229
418 56
588 508
46 920
592 480
662 436
800 95
159 573
868 253
898 299
314 311
947 140
66 747
300 285
650 286
62 209
967 307
424 530
428 749
746 290
375 350
213 755
572 816
259 306
927 583
269 745
678 997
473 298
129 899
14 907
946 539
223 775
468 451
251 139
895 418
916 927
660 997
137 996
165 839
389 955
224 760
998 948
161 902
46 966
265 175
336 321
400 838
705 155
769 408
100 693
466 888
83 210
163 553
491 448
264 21
995 685
663 895
681 358
288 661
33 515
690 703
265 171
907 383
64 998
210 472
976 385
699 548
387 261
932 824
679 712
214 63
780 806
57 189
980 513
784 121
964 889
198 453
7 387
639 711
380 592
497 597
928 475
127 472
708 488
585 896
75 687
564 875
890 120
581 244
482 603
864 839
473 973
508 784
168 362
151 880
488 463
440 433
901 94
180 137
255 288
186 744
633 838
585 50
872 140
433 712
55 863
263 793
996 68
347 435
152 137
367 544
388 684
336 880
25 274
297 347
890 217
792 130
988 980
345 197
855 475
31 38
883 727
937 183
84 243
670 436
447 804
87 613
819 685
763 184
776 476
131 8
184 643
201 821
874 272
221 568
593 661
190 265
497 747
319 360
369 224
406 68
38 282
166 568
765 52
982 113
393 381
82 514
330 590
690 763
311 931
511 713
251 339
121 426
954 326
684 393
285 987
393 443
432 913
630 734
485 618
236 330
223 541
935 517
165 96
346 15
199 287
373 287
808 63
676 776
243 551
86 234
707 902
360 421
398 296
4 373
851 598
589 560
962 157
506 583
795 891
795 188
721 330
977 991
533 85
291 493
618 354
245 779
383 412
300 19
163 148
168 975
312 416
198 291
64 480
769 273
10 779
408 177
676 493
568 209
858 699
879 704
203 390
410 57
149 509
740 559
316 208
681 336
32 708
642 425
239 823
236 836
809 215
434 179
774 247
520 183
79 458
103 970
441 163
721 409
973 266
781 423
150 2
395 290
308 334
1 675
186 979
566 345
846 733
9 122
390 493
45 447
312 150
707 339
765 423
810 685
591 844
418 176
185 405
353 560
632 174
905 976
243 4
474 430
287 363
850 683
800 175
448 25
553 880
102 857
734 748
558 831
124 115
810 298
229 777
407 853
751 363
657 918
704 312
720 521
70 426
347 492
469 175
386 283
236 56
357 482
729 843
68 503
185 576
643 956
411 162
960 552
189 647
936 218
998 280
65 296
265 150
902 274
890 486
113 53
705 786
827 933
20 944
257 388
418 644
631 843
705 869
670 499
692 80
477 750
117 754
128 192
723 45
854 562
35 740
481 930
135 319
533 969
744 963
445 755
259 451
690 797
270 906
236 394
549 462
909 239
654 505
72 487
301 898
568 457
311 627
272 273
572 669
783 656
18 866
370 289
804 47
672 191
938 830
605 49
358 139
313 488
901 140
146 700
94 860
683 317
183 358
774 405
855 207
992 304
357 155
331 209
385 18
452 615
324 740
274 854
37 524
36 988
120 824
149 286
920 132
584 987
717 706
718 759
435 616
821 602
156 206
691 817
8 956
62 673
384 696
981 310
857 636
382 14
409 774
576 359
743 694
447 676
162 773
810 64
252 642
876 189
890 738
149 619
780 800
729 63
796 215
667 36
287 119
282 200
419 974
648 661
568 365
983 240
670 56
508 729
248 873
900 744
403 814
590 823
790 966
635 229
189 186
237 215
591 977
117 978
136 633
31 396
664 560
464 572
922 392
704 834
890 711
626 400
811 857
340 384
778 416
21 157
655 937
844 579
204 613
301 833
367 803
103 599
540 939
450 381
769 119
747 279
298 219
206 468
561 433
246 949
243 256
469 83
153 491
596 998
650 681
632 768
205 624
543 98
769 406
831 616
344 582
222 275
977 240
946 644
864 400
258 334
110 299
191 225
792 106
176 3
150 65
233 8
122 505
75 889
127 180
327 638
925 975
926 340
348 436
924 125
868 777
861 835
291 788
94 286
407 139
281 397
538 663
552 642
123 940
202 442
893 355
16 688
840 740
620 778
346 131
356 858
726 357
643 975
498 113
982 269
15 467
847 834
471 496
189 873
608 153
61 982
234 481
915 178
923 361
979 374
100 569
410 628
690 811
886 736
659 646
459 991
111 715
896 194
148 853
434 978
846 661
257 534
67 818
215 489
796 309
671 311
250 17
257 700
464 584
808 210
685 501
126 691
920 741
113 512
63 976
568 178
531 77
26 672
792 462
343 943
287 303
878 593
246 387
227 360
547 961
613 726
992 45
39 107
181 666
79 242
129 828
959 198
23 939
755 62
781 801
913 72
655 260
552 434
181 32
685 627
614 937
891 846
111 12
261 724
348 972
946 277
337 94
101 91
994 507
800 982
532 189
785 614
151 141
818 938
726 41
947 441
494 450
869 977
652 537
51 445
896 238
53 988
183 808
947 76
416 617
926 191
433 808
574 186
358 290
804 421
912 651
323 161
741 63
968 308
752 93
163 790
781 201
933 241
122 510
31 514
867 596
889 923
876 595
686 105
986 459
333 460
7 873
407 288
50 506
277 727
102 794
641 69
761 3
273 842
285 600
262 556
855 335
503 545
126 627
434 65
259 377
431 564
254 456
379 653
935 540
125 395
183 320
955 10
861 34
101 836
761 661
116 881
854 441
463 215
793 305
983 704
423 302
614 802
564 551
931 353
358 1
465 430
2 163
659 80
374 986
119 750
687 651
954 944
333 327
765 831
882 64
478 286
169 558
248 870
280 320
892 526
367 980
86 386
815 266
959 778
618 873
561 959
552 159
367 888
946 805
303 71
514 712
938 862
564 31
828 501
343 712
813 167
268 987
320 545
219 231
67 92
998 44
716 327
475 485
185 144
44 797
283 999
358 202
946 210
535 20
45 615
109 362
456 185
445 345
522 294
299 597
710 134
382 161
665 84
882 738
73 861
558 658
217 886
813 180
632 2
122 681
977 647
0 703
355 306
191 906
702 311
257 873
479 868
370 188
691 460
298 355
60 346
208 89
649 636
389 274
549 566
428 264
953 523
868 373
13 840
201 704
57 123
460 906
158 215
232 261
695 524
291 193
298 6
16 665
290 55
94 55
591 5
1 455
801 849
584 937
740 560
190 888
533 822
143 483
867 952
582 798
587 40
380 573
595 994
740 561
135 597
841 866
76 314
274 279
688 528
362 658
820 868
300 74
655 476
620 944
138 258
922 661
924 637
50 85
427 325
533 423
934 746
347 670
994 656
253 881
81 267
63 654
989 893
840 155
402 404
388 835
620 931
348 686
76 337
253 707
574 317
908 282
931 642
474 282
580 247
67 970
969 387
272 631
793 691
708 698
927 669
289 987
374 116
129 950
414 793
686 808
990 655
531 182
815 155
613 422
487 270
310 709
889 134
282 759
655 56
180 635
48 483
803 271
395 169
36 419
430 971
285 900
558 908
517 680
92 438
804 540
587 214
812 674
667 198
993 842
307 617
866 86
936 616
588 77
61 473
745 594
560 133
109 983
216 573
810 408
575 205
245 318
232 321
217 476
863 67
456 70
793 387
468 640
164 905
82 987
263 814
281 139
403 249
450 354
423 514
220 879
633 898
704 964
292 580
603 580
865 413
318 730
838 949
379 669
724 138
328 377
928 859
660 983
959 547
305 3
222 58
515 426
593 920
870 342
22 790
490 520
588 998
337 781
10 95
433 299
853 666
146 705
577 369
240 397
916 893
275 885
405 680
140 754
907 315
740 454
889 602
425 985
53 610
472 305
864 557
595 525
746 272
264 176
280 917
337 971
456 863
146 999
557 280
993 265
704 193
424 638
10 260
738 675
945 368
376 973
761 787
762 995
18 559
335 300
779 203
351 755
578 697
45 722
755 25
990 870
836 304
761 175
352 140
376 280
854 347
170 439
914 711
68 226
712 737
940 812
52 647
981 736
827 451
490 783
294 327
951 37
216 695
667 638
778 347
948 776
174 292
540 561
794 85
333 870
462 889
899 615
565 728
750 673
995 839
531 733
497 615
623 69
800 921
461 813
754 832
915 492
734 770
499 454
165 679
735 451
826 152
106 365
764 747
430 360
870 754
147 416
538 146
116 975
453 353
118 382
23 335
290 461
830 190
666 900
825 380
434 545
754 34
994 932
118 141
723 851
740 40
572 672
62 783
184 856
511 156
229 423
922 590
809 90
146 869
248 591
115 846
610 267
188 760
62 257
130 983
191 897
571 491
147 581
514 226
586 8
35 692
352 951
499 635
803 333
506 663
736 684
539 855
704 310
479 542
188 118
347 725
590 77
1 126
898 825
164 702
928 187
501 304
579 962
162 74
722 769
778 819
473 394
874 47
96 709
404 712
871 482
322 19
68 139
653 675
875 234
451 237
940 840
689 28
550 136
688 962
891 566
251 713
403 706
413 135
820 599
184 571
89 899
24 595
670 878
946 285
838 940
603 102
743 953
56 546
341 828
310 83
756 393
614 954
912 174
847 971
512 399
486 866
687 265
227 764
875 389
873 183
592 661
855 691
911 82
57 841
784 203
800 632
12 140
863 483
915 793
599 311
355 732
484 426
929 223
165 476
129 418
915 433
258 413
440 393
290 599
376 121
612 841
608 1
319 215
327 195
641 759
742 296
635 517
365 572
27 185
797 738
33 348
919 564
664 821
349 411
788 396
647 493
89 196
605 543
52 636
141 838
48 574
880 951
333 848
28 177
21 5
91 728
596 78
980 723
241 978
63 750
214 636
674 852
225 224
446 59
263 561
706 495
43 686
852 74
133 999
316 792
152 508
618 291
684 963
586 196
419 371
697 914
228 294
350 316
695 974
703 736
39 808
322 429
613 739
92 877
983 510
729 688
507 839
636 805
125 453
416 403
174 225
426 936
327 38
813 827
970 651
386 309
936 707
960 681
7 572
292 475
71 712
213 908
217 402
964 739
173 529
928 61
844 576
34 62
425 152
395 669
90 678
233 278
313 858
618 42
426 456
645 729
127 911
592 268
345 100
487 500
891 789
485 557
200 333
894 184
808 654
88 356
597 622
603 558
990 625
562 386
644 303
818 362
775 672
31 730
912 527
883 227
243 741
591 973
256 292
142 121
314 225
112 840
248 961
921 615
779 216
498 83
90 953
547 982
460 698
592 580
514 30
43 30
50 486
949 938
612 107
48 473
227 813
517 309
272 816
958 427
31 459
255 317
136 835
634 82
178 289
902 627
877 194
466 814
974 190
226 652
223 294
184 881
433 672
343 6
352 271
107 558
361 381
885 513
541 767
216 378
253 337
611 826
864 979
165 615
186 992
560 273
549 46
10 512
926 523
50 536
381 704
835 331
715 58
538 442
847 727
46 828
395 806
963 967
709 771
689 339
462 2
82 786
690 676
6 39
779 56
667 796
25 643
589 342
828 66
358 817
459 727
878 389
678 677
977 269
171 302
374 501
500 355
837 836
176 747
613 767
71 314
564 84
336 211
914 645
954 314
126 723
150 956
450 930
688 41
4 86
817 682
587 376
908 415
743 151
18 259
555 51
835 596
917 330
198 229
886 194
181 401
125 721
242 317
790 237
789 925
355 912
827 426
579 491
864 590
891 693
654 662
617 908
50 418
748 151
376 675
341 795
287 639
873 988
1 897
764 113
720 325
18 93
210 98
879 881
586 125
106 700
996 791
278 63
203 412
742 398
4 617
824 848
937 557
183 325
722 776
286 365
613 226
999 479
286 503
868 628
532 763
105 82
763 685
790 3
159 393
257 792
601 449
156 389
74 760
334 957
607 932
826 262
658 668
141 43
607 636
85 627
231 876
514 327
121 318
310 756
123 520
530 540
900 750
378 631
647 39
861 196
134 426
929 805
413 685
384 175
959 982
132 619
73 779
470 739
392 457
525 652
741 707
816 84
93 642
585 684
468 574
665 578
974 816
973 386
537 567
4 654
347 780
567 857
654 719
487 579
917 947
633 973
474 379
1 626
839 935
236 423
416 818
522 633
384 17
810 145
887 88
363 663
429 74
183 27
290 729
242 569
575 466
65 929
751 807
21 246
253 759
454 233
414 23
746 419
316 728
945 738
820 41
645 91
653 940
439 493
417 421
500 669
438 926
375 710
21 424
306 699
92 180
184 155
743 908
337 526
604 850
136 713
892 332
966 618
416 323
34 97
787 880
904 489
244 779
269 684
70 624
936 589
477 415
397 649
424 646
248 855
827 166
63 488
475 605
795 996
992 24
264 315
496 647
222 693
414 871
914 677
679 263
104 63
181 507
715 120
340 554
227 714
64 193
114 265
257 745
614 720
570 861
248 878
561 187
975 457
424 520
703 14
705 525
977 483
789 140
68 935
448 449
797 136
731 315
163 49
775 298
398 956
343 330
383 519
196 168
570 342
396 772
211 82
670 978
791 6
4 554
824 879
972 304
811 474
283 349
270 659
840 936
965 198
363 351
35 780
483 86
765 976
6 116
923 772
212 594
674 494
106 619
373 785
887 318
366 561
72 129
624 641
141 549
164 453
842 738
143 427
193 455
254 364
960 644
354 953
79 695
942 363
47 883
351 255
271 927
528 804
241 735
531 53
896 134
591 832
585 787
377 228
975 786
260 403
991 418
288 269
604 606
132 454
395 633
933 780
492 241
336 316
895 427
724 709
97 936
194 179
271 896
339 991
680 403
820 763
599 946
143 986
445 101
270 560
200 321
217 115
42 690
374 291
902 944
432 377
320 955
708 318
720 610
288 133
284 671
954 556
151 999
313 637
690 860
785 150
190 270
981 147
87 8
116 516
30 906
39 290
869 99
159 733
452 784
78 364
701 634
858 146
470 113
103 672
877 790
952 103
736 93
375 25
810 133
360 283
833 513
988 499
519 199
572 390
920 542
379 299
125 662
725 763
623 593
864 43
964 298
911 292
436 122
742 350
604 865
698 679
424 985
722 186
290 972
692 451
498 243
477 457
406 338
346 97
355 294
348 237
936 986
478 751
184 362
955 484
181 890
146 981
570 615
706 585
485 987
368 867
857 539
816 476
1 238
247 495
688 764
184 513
952 906
924 671
693 493
912 61
946 465
244 525
444 43
255 386
495 505
702 566
756 139
243 432
429 717
836 734
454 307
931 132
72 829
641 163
848 352
975 771
433 706
324 454
880 757
1 443
236 704
243 156
205 227
515 663
241 10
553 657
829 994
669 365
800 510
919 965
647 230
554 234
240 557
334 464
797 991
704 563
193 556
767 129
420 692
383 804
70 588
354 522
913 141
959 906
835 724
176 520
400 849
712 399
794 623
205 616
530 524
880 363
962 409
816 854
596 296
492 844
290 937
950 920
163 600
338 28
287 296
661 849
729 416
897 870
487 926
476 566
404 867
223 820
560 464
580 445
149 296
629 875
253 411
105 377
365 9
663 706
719 96
399 781
636 675
499 111
61 730
944 774
25 535
922 431
744 554
910 73
753 683
174 180
261 404
137 328
932 480
655 107
560 438
748 953
996 406
779 392
562 505
607 561
395 441
433 22
387 609
391 214
409 245
255 789
909 738
281 752
686 422
130 897
188 869
157 71
901 251
371 914
604 622
50 251
464 329
845 542
58 969
60 212
512 787
721 421
50 149
226 565
37 889
269 372
316 875
14 393
865 37
446 201
138 341
444 62
137 795
952 779
657 890
546 137
642 999
189 733
859 159
16 934
361 229
869 883
877 702
665 641
935 889
155 456
167 9
676 618
418 291
116 886
816 355
859 555
269 914
794 413
706 239
128 620
685 620
574 795
49 908
396 357
558 596
828 766
324 713
135 635
340 586
255 608
771 589
415 691
408 896
212 956
869 369
406 267
605 636
624 102
220 406
7 15
970 195
684 420
314 15
157 260
762 836
818 250
382 787
58 914
853 129
179 947
455 988
98 608
465 479
492 378
966 178
817 386
881 535
315 390
410 697
922 535
534 637
424 97
543 532
690 368
30 440
85 33
465 10
723 605
616 621
10 585
735 597
